Datetime,Open,High,Low,Volume,Close,Predicted_Price,Target,Prediction,Was_Correct,Pct_Change,SMA_5,SMA_20,RSI,ATR
2026-01-23 09:50:00+05:30,25300.25,25303.150390625,25281.400390625,0,25281.400390625,25271.8515625,1,0,Fail,0.037770170866567004,25297.45,25295.8548828125,47.45518614768913,38.5751953125
2026-01-23 09:55:00+05:30,25281.5,25301.900390625,25280.30078125,0,25290.94921875,25287.94921875,0,0,Success,-0.011861950985121128,25292.559765625,25296.5923828125,55.775461551991555,35.9609375
2026-01-23 10:00:00+05:30,25292.30078125,25304.05078125,25263.5,0,25287.94921875,25277.650390625,0,0,Success,-0.04072622906630891,25289.249609375,25296.90234375,51.08774003762154,36.246651785714285
2026-01-23 10:05:00+05:30,25287.5,25308.650390625,25276.599609375,0,25277.650390625,25273.6015625,1,0,Fail,0.016017422752636984,25287.63984375,25296.56240234375,47.91574856455465,37.00390625
2026-01-23 10:10:00+05:30,25278.650390625,25291.599609375,25278.25,0,25281.69921875,25261.349609375,0,0,Success,-0.08049146221907368,25283.9296875,25295.72490234375,45.190954866899155,36.028878348214285
2026-01-23 10:15:00+05:30,25280.55078125,25288.05078125,25251.55078125,0,25261.349609375,25258.5,1,0,Fail,0.011280511212047246,25279.91953125,25294.81484375,39.27418741711362,36.500279017857146
2026-01-23 10:20:00+05:30,25261.69921875,25268.349609375,25258.099609375,0,25264.19921875,25236.94921875,1,0,Fail,0.10786013743818258,25274.56953125,25293.1748046875,39.04976272357428,36.071707589285715
2026-01-23 10:25:00+05:30,25265.150390625,25295.900390625,25260.80078125,0,25291.44921875,25279.09765625,1,0,Fail,0.04883691081981605,25275.26953125,25294.80478515625,53.37910737431572,31.768136160714285
2026-01-23 10:30:00+05:30,25291.69921875,25320.80078125,25286.69921875,0,25303.80078125,25300.099609375,0,0,Success,-0.014626940462408918,25280.499609375,25295.87734375,46.0535151541128,29.675362723214285
2026-01-23 10:35:00+05:30,25303.55078125,25315.69921875,25298.94921875,0,25300.099609375,25293.349609375,0,0,Success,-0.026679736855655597,25284.1796875,25296.45478515625,38.01825866420046,28.496791294642858
2026-01-23 10:40:00+05:30,25301.349609375,25310.19921875,25286.44921875,0,25293.349609375,25275.94921875,0,0,Success,-0.0687943308961757,25290.5796875,25295.84228515625,43.246315047139454,27.800362723214285
2026-01-23 10:45:00+05:30,25293.25,25300.400390625,25270.44921875,0,25275.94921875,25273.84765625,1,0,Fail,0.00831447508385179,25292.9296875,25293.8072265625,41.59034422195789,28.239676339285715
2026-01-23 10:50:00+05:30,25275.849609375,25287.400390625,25273.5,0,25278.05078125,25277.55078125,0,0,Success,-0.0019780006153436286,25290.25,25291.6873046875,47.501339891721805,26.789620535714285
2026-01-23 10:55:00+05:30,25278.25,25285.099609375,25269.69921875,0,25277.55078125,25265.80078125,0,0,Success,-0.046483933913074114,25285.0,25291.7998046875,41.8348133571448,24.685965401785715
2026-01-23 11:00:00+05:30,25277.650390625,25285.55078125,25265.19921875,0,25265.80078125,25257.451171875,1,0,Fail,0.033047079913636965,25278.140234375,25289.08486328125,44.08659465505565,24.586077008928573
2026-01-23 11:05:00+05:30,25265.0,25280.0,25261.05078125,0,25274.150390625,25263.400390625,1,0,Fail,0.042533576139467476,25274.300390625,25285.56240234375,43.57357397565185,24.396763392857142
2026-01-23 11:10:00+05:30,25274.25,25293.599609375,25273.5,0,25284.900390625,25265.25,0,0,Success,-0.0777159107665928,25276.090625,25284.03740234375,48.89895180350308,22.935965401785715
2026-01-23 11:15:00+05:30,25285.30078125,25289.900390625,25264.849609375,0,25265.25,25264.75,0,0,Success,-0.0019790027804989065,25273.53046875,25282.07490234375,45.805087502037544,22.435965401785715
2026-01-23 11:20:00+05:30,25265.099609375,25275.94921875,25254.80078125,0,25264.75,25254.19921875,1,0,Fail,0.04176087730929457,25270.9703125,25281.02744140625,44.125213204217616,22.9501953125
2026-01-23 11:25:00+05:30,25265.900390625,25278.19921875,25263.30078125,0,25275.30078125,25256.400390625,0,0,Success,-0.07477810368540062,25272.8703125,25279.77998046875,55.188041952384786,21.4072265625
2026-01-23 11:30:00+05:30,25275.849609375,25279.349609375,25255.599609375,0,25256.400390625,25229.099609375,0,0,Success,-0.10809450605690374,25269.3203125,25278.52998046875,47.40912802659928,22.371512276785715
2026-01-23 11:35:00+05:30,25256.44921875,25259.25,25229.099609375,0,25229.099609375,25211.599609375,0,0,Success,-0.0693643462151027,25258.16015625,25275.4375,29.293636867097774,22.017996651785715
2026-01-23 11:40:00+05:30,25229.69921875,25230.55078125,25210.400390625,0,25211.599609375,25193.349609375,0,0,Success,-0.07238731489775718,25247.430078125,25271.62001953125,20.392368366406274,21.021484375
2026-01-23 11:45:00+05:30,25211.44921875,25215.80078125,25193.349609375,0,25193.349609375,25179.25,1,0,Fail,0.05596560042080798,25233.15,25267.40498046875,18.64976481201313,21.4287109375
2026-01-23 11:50:00+05:30,25193.44921875,25224.650390625,25191.599609375,0,25207.44921875,25199.69921875,1,0,Fail,0.03074487994697748,25219.5796875,25263.69248046875,25.816810158572252,22.093052455357142
2026-01-23 11:55:00+05:30,25208.05078125,25218.150390625,25202.94921875,0,25215.19921875,25211.248046875,1,0,Fail,0.015669802331214233,25211.339453125,25261.3849609375,31.91459668006746,21.039481026785715
2026-01-23 12:00:00+05:30,25214.75,25223.30078125,25198.150390625,0,25219.150390625,25189.55078125,0,0,Success,-0.11736957398058659,25209.349609375,25259.13251953125,32.65623020346682,21.843052455357142
2026-01-23 12:05:00+05:30,25218.55078125,25218.55078125,25186.849609375,0,25189.55078125,25193.902343749996,0,1,Fail,-0.017275268375326138,25204.93984375,25254.03759765625,27.87859146881972,23.050223214285715
2026-01-23 12:10:00+05:30,25190.849609375,25195.80078125,25183.94921875,0,25185.19921875,25219.599609375,1,1,Success,0.13658971019530167,25203.309765625,25248.10751953125,28.955634858994998,22.443080357142858
2026-01-23 12:15:00+05:30,25185.94921875,25220.349609375,25185.94921875,0,25219.599609375,25203.650390625,0,0,Success,-0.06324136384810455,25205.73984375,25244.08251953125,37.462742820722795,23.600306919642858
2026-01-23 12:20:00+05:30,25220.349609375,25222.94921875,25203.400390625,0,25203.650390625,25201.650390625,1,0,Fail,0.007935358446108027,25203.430078125,25239.59755859375,31.76238489893268,23.560965401785715
2026-01-23 12:25:00+05:30,25204.55078125,25218.05078125,25194.0,0,25205.650390625,25200.150390625,1,0,Fail,0.02182050419157473,25200.730078125,25236.0826171875,35.47084644241616,23.489536830357142
2026-01-23 12:30:00+05:30,25205.30078125,25220.5,25199.44921875,0,25211.150390625,25205.650390625,1,0,Fail,0.021815743886265605,25205.05,25232.73759765625,37.244475819492955,23.482561383928573
2026-01-23 12:35:00+05:30,25210.0,25217.80078125,25202.599609375,0,25216.650390625,25210.25,1,0,Fail,0.02538160511349884,25211.340234375,25229.692578125,35.69870552964764,23.504185267857142
2026-01-23 12:40:00+05:30,25216.55078125,25236.599609375,25207.05078125,0,25223.05078125,25210.75,0,0,Success,-0.04876801524399262,25212.03046875,25227.555078125,41.34013609336665,23.918387276785715
2026-01-23 12:45:00+05:30,25223.30078125,25243.80078125,25208.150390625,0,25210.75,25192.400390625,1,0,Fail,0.07278486112075205,25213.450390625,25224.38505859375,44.83263111516602,24.311244419642858
2026-01-23 12:50:00+05:30,25212.05078125,25229.75,25202.19921875,0,25229.099609375,25202.94921875,0,0,Success,-0.10365169994129576,25218.140234375,25221.59501953125,54.90464404178182,24.83984375
2026-01-23 12:55:00+05:30,25229.75,25229.75,25200.900390625,0,25202.94921875,25194.30078125,0,0,Success,-0.0343151804375573,25216.5,25218.47998046875,52.57634684214124,25.296875
2026-01-23 13:00:00+05:30,25203.94921875,25213.30078125,25191.69921875,0,25194.30078125,25187.25,0,0,Success,-0.02798561988768231,25212.030078125,25214.95751953125,46.36485373748939,24.479073660714285
2026-01-23 13:05:00+05:30,25194.05078125,25198.5,25180.55078125,0,25187.25,25178.099609375,1,0,Fail,0.036329454882926875,25204.869921875,25210.55498046875,42.24289335167751,24.675362723214285
2026-01-23 13:10:00+05:30,25187.75,25200.349609375,25183.900390625,0,25196.400390625,25148.94921875,0,0,Success,-0.18832520177229556,25202.0,25207.55498046875,43.863013665499466,24.053850446428573
2026-01-23 13:15:00+05:30,25196.650390625,25197.349609375,25143.05078125,0,25148.94921875,25169.898437500004,0,1,Fail,-0.08330057279045736,25185.969921875,25203.5474609375,40.009611660247124,25.625139508928573
2026-01-23 13:20:00+05:30,25148.55078125,25149.55078125,25124.94921875,0,25128.0,25124.599609375,0,0,Success,-0.013532277240528495,25170.980078125,25199.36748046875,36.98839500745234,26.535853794642858
2026-01-23 13:25:00+05:30,25127.75,25148.25,25121.5,0,25124.599609375,25070.650390625,0,0,Success,-0.2147266805790982,25157.03984375,25195.92998046875,24.841205782999012,25.935825892857142
2026-01-23 13:30:00+05:30,25125.599609375,25125.80078125,25068.099609375,0,25070.650390625,25062.55078125,0,0,Success,-0.032307137025965604,25133.719921875,25189.0900390625,20.679113333543356,28.660993303571427
2026-01-23 13:35:00+05:30,25072.25,25077.150390625,25056.599609375,0,25062.55078125,25049.55078125,0,0,Success,-0.05187021909089024,25106.95,25181.4576171875,19.278795745046722,28.410993303571427
2026-01-23 13:40:00+05:30,25063.30078125,25081.400390625,25047.849609375,0,25049.55078125,25042.001953125,1,0,Fail,0.030135582833087857,25087.0703125,25172.97763671875,16.389486930374957,29.303850446428573
2026-01-23 13:45:00+05:30,25049.25,25067.5,25044.150390625,0,25057.099609375,25050.5,1,0,Fail,0.02633828127709875,25072.890234375,25166.355078125,17.09604136477158,29.885881696428573
2026-01-23 13:50:00+05:30,25057.44921875,25068.400390625,25050.349609375,0,25063.69921875,25049.94921875,0,0,Success,-0.05486021787922554,25060.71015625,25160.280078125,17.164107012216064,29.064592633928573
2026-01-23 13:55:00+05:30,25063.25,25070.5,25046.75,0,25049.94921875,25065.300781250004,1,1,Success,0.06128380686899472,25056.569921875,25151.79755859375,17.062202937932923,28.214564732142858
2026-01-23 14:00:00+05:30,25049.80078125,25068.44921875,25046.80078125,0,25065.30078125,25067.69921875,1,1,Success,0.009568756110017007,25057.119921875,25144.880078125,16.03088064005985,27.79296875
2026-01-23 14:05:00+05:30,25065.650390625,25075.25,25051.849609375,0,25067.69921875,25071.998046875,0,1,Fail,-0.01714887388542059,25060.749609375,25137.98251953125,18.88625293080851,27.403738839285715
2026-01-23 14:10:00+05:30,25068.150390625,25078.05078125,25056.400390625,0,25063.400390625,25066.701171875,0,1,Fail,-0.01316972636815339,25062.009765625,25130.59501953125,19.27192699664012,27.4072265625
2026-01-23 14:15:00+05:30,25064.05078125,25095.150390625,25053.150390625,0,25060.099609375,25075.44921875,0,1,Fail,-0.06125119059485981,25061.28984375,25122.76748046875,19.61730525592786,29.125139508928573
2026-01-23 14:20:00+05:30,25060.150390625,25066.900390625,25041.349609375,0,25044.75,25069.349609375004,1,1,Success,0.09822261901196858,25060.25,25113.85244140625,14.805682210324889,29.775251116071427
2026-01-23 14:25:00+05:30,25045.19921875,25089.650390625,25043.94921875,0,25069.349609375,25088.75,1,1,Success,0.07738689246945991,25061.059765625,25106.782421875,29.335050531870962,29.1611328125
2026-01-23 14:30:00+05:30,25069.94921875,25100.150390625,25068.19921875,0,25088.75,25089.300781249996,0,1,Fail,-0.0021953315729161477,25065.269921875,25099.76494140625,39.72765188877405,29.686104910714285
2026-01-23 14:35:00+05:30,25088.25,25094.650390625,25063.69921875,0,25088.19921875,25092.748046875,0,1,Fail,-0.01813134567904887,25070.2296875,25094.02744140625,40.32919245212287,29.986188616071427
2026-01-23 14:40:00+05:30,25087.150390625,25107.80078125,25083.650390625,0,25083.650390625,25108.951171875,0,1,Fail,-0.10086562703591241,25074.93984375,25088.494921875,54.68310250028587,27.589704241071427
2026-01-23 14:45:00+05:30,25089.150390625,25100.80078125,25057.30078125,0,25058.349609375,25077.05078125,1,1,Success,0.07463050107658882,25077.659765625,25082.04990234375,48.6534536504178,29.228934151785715
2026-01-23 14:50:00+05:30,25058.150390625,25085.80078125,25058.150390625,0,25077.05078125,25090.650390625004,1,1,Success,0.054231294954223117,25079.2,25076.082421875,58.50344239408713,28.807477678571427
2026-01-23 14:55:00+05:30,25079.349609375,25106.150390625,25079.349609375,0,25090.650390625,25121.050781250004,0,1,Fail,-0.12116222637400806,25079.580078125,25073.16748046875,60.000232811326185,29.218191964285715
2026-01-23 15:00:00+05:30,25093.900390625,25096.0,25055.849609375,0,25060.25,25090.55078125,0,1,Fail,-0.12091172773615587,25073.990234375,25069.77998046875,49.099659404944596,30.796735491071427
2026-01-23 15:05:00+05:30,25060.55078125,25061.05078125,25028.849609375,0,25029.94921875,25045.849609375,1,1,Success,0.06352546098291312,25063.25,25065.0474609375,45.194654022228924,31.400390625
2026-01-23 15:10:00+05:30,25031.900390625,25048.69921875,25029.900390625,0,25045.849609375,25052.44921875,0,1,Fail,-0.026350111806667072,25060.75,25063.807421875,45.33881246431319,31.196847098214285
2026-01-23 15:15:00+05:30,25046.5,25062.849609375,25025.55078125,0,25039.25,25048.0,1,1,Success,0.03494513613626606,25053.18984375,25062.6423828125,43.31712237929004,32.18959263392857
2026-01-23 15:20:00+05:30,25040.849609375,25049.80078125,25034.69921875,0,25048.0,25064.75,1,1,Success,0.06687160651549026,25044.659765625,25062.56484375,46.45646641323399,31.721819196428573
2026-01-23 15:25:00+05:30,25049.599609375,25074.5,25045.900390625,0,25064.75,25119.550781249996,0,1,Fail,-0.21863685554414067,25045.559765625,25062.94736328125,51.00766004776986,30.7646484375
2026-01-27 09:15:00+05:30,25079.0,25123.44921875,25007.849609375,0,25009.94921875,25073.498046874996,0,1,Fail,-0.2540941909524444,25041.559765625,25060.25986328125,43.5602555721795,37.196707589285715
2026-01-27 09:20:00+05:30,25007.5,25008.69921875,24938.849609375,0,24946.400390625,24958.55078125,1,1,Success,0.04870598737590288,25021.669921875,25055.082421875,30.11510808183509,39.01088169642857
2026-01-27 09:25:00+05:30,24946.30078125,24970.69921875,24933.05078125,0,24958.55078125,24989.499999999996,1,1,Success,0.1240024672155663,25005.530078125,25049.744921875,28.43686517759548,39.41782924107143
2026-01-27 09:30:00+05:30,24958.400390625,25000.19921875,24940.19921875,0,24989.5,25091.5,1,1,Success,0.40817143200144057,24993.830078125,25045.8349609375,35.14911423362513,41.492745535714285
2026-01-27 09:35:00+05:30,24989.94921875,25095.150390625,24977.80078125,0,25091.5,25147.599609375,1,1,Success,0.22358013420879583,24999.180078125,25047.23994140625,50.91327208350808,48.149832589285715
2026-01-27 09:40:00+05:30,25090.650390625,25147.599609375,25064.75,0,25147.599609375,25143.0,1,0,Fail,0.01829045096330097,25026.71015625,25051.61494140625,59.689485227951664,50.960518973214285
2026-01-27 09:45:00+05:30,25148.80078125,25160.44921875,25121.0,0,25152.19921875,25137.25,0,0,Success,-0.0594350363560095,25067.869921875,25056.98740234375,58.41623573077812,51.803292410714285
2026-01-27 09:50:00+05:30,25151.75,25158.75,25126.400390625,0,25137.25,25108.900390625,0,0,Success,-0.11277927925687974,25103.609765625,25060.382421875,55.20318570456632,52.035435267857146
2026-01-27 09:55:00+05:30,25139.05078125,25141.30078125,25100.94921875,0,25108.900390625,25087.5,1,0,Fail,0.08523029799023116,25127.48984375,25061.38994140625,55.45716249468647,52.0498046875
2026-01-27 10:00:00+05:30,25111.0,25152.349609375,25111.0,0,25130.30078125,25099.44921875,0,0,Success,-0.12276638775059429,25135.25,25063.49501953125,61.4858762422214,52.853236607142854
2026-01-27 10:05:00+05:30,25130.19921875,25133.19921875,25083.349609375,0,25099.44921875,25070.44921875,1,0,Fail,0.11554038396323127,25125.619921875,25064.2849609375,55.93180038124861,55.07114955357143
2026-01-27 10:10:00+05:30,25099.900390625,25131.599609375,25086.900390625,0,25128.44921875,25080.298828125,1,0,Fail,0.19161704013581468,25120.869921875,25067.78994140625,59.405247315547726,55.59974888392857
2026-01-27 10:15:00+05:30,25129.349609375,25184.0,25123.5,0,25176.599609375,25161.55078125,0,0,Success,-0.05977307642210855,25128.73984375,25072.7673828125,62.51944188162824,58.842494419642854
2026-01-27 10:20:00+05:30,25177.0,25179.0,25158.400390625,0,25161.55078125,25117.69921875,0,0,Success,-0.17428004689074056,25139.269921875,25076.31240234375,59.455076826985405,58.271065848214285
2026-01-27 10:25:00+05:30,25161.19921875,25172.349609375,25117.30078125,0,25117.69921875,25106.748046875,1,0,Fail,0.043599422780033564,25136.749609375,25079.18486328125,60.75458307917434,53.946010044642854
2026-01-27 10:30:00+05:30,25117.69921875,25133.400390625,25105.75,0,25128.650390625,25110.650390625,0,0,Success,-0.07163138377982863,25142.58984375,25084.119921875,70.32445239923653,50.842494419642854
2026-01-27 10:35:00+05:30,25128.30078125,25131.55078125,25108.69921875,0,25110.650390625,25030.0,0,0,Success,-0.3211800147363392,25139.030078125,25087.3599609375,66.7436390091456,49.785574776785715
2026-01-27 10:40:00+05:30,25112.099609375,25112.349609375,25019.69921875,0,25030.0,25018.650390625,1,0,Fail,0.04534402467039553,25109.71015625,25086.8974609375,54.01863578837023,52.117745535714285
2026-01-27 10:45:00+05:30,25028.849609375,25044.75,25012.44921875,0,25041.349609375,24994.69921875,0,0,Success,-0.18629343606757917,25085.669921875,25086.56494140625,43.93222580452744,46.04282924107143
2026-01-27 10:50:00+05:30,25041.599609375,25041.599609375,24979.19921875,0,24994.69921875,24983.25,0,0,Success,-0.04580658742799059,25061.069921875,25083.06240234375,31.067439903713648,44.58217075892857
2026-01-27 10:55:00+05:30,24996.400390625,25011.400390625,24979.05078125,0,24983.25,25011.05078125,1,1,Success,0.11127768104630104,25031.98984375,25081.72744140625,29.429166616999055,44.07505580357143
2026-01-27 11:00:00+05:30,24983.849609375,25021.5,24980.0,0,25011.05078125,25019.25,1,1,Success,0.032782384161751,25012.069921875,25084.9599609375,35.10058384517184,44.72865513392857
2026-01-27 11:05:00+05:30,25008.80078125,25039.80078125,24994.05078125,0,25019.25,25029.400390625004,1,1,Success,0.04057032335101972,25009.919921875,25087.994921875,38.88687128523361,45.1142578125
2026-01-27 11:10:00+05:30,25019.94921875,25030.30078125,25013.80078125,0,25029.400390625,25048.05078125,1,1,Success,0.07451393295056992,25007.530078125,25089.98994140625,37.13344987889974,43.18931361607143
2026-01-27 11:15:00+05:30,25029.05078125,25057.099609375,25022.099609375,0,25048.05078125,25056.701171875,0,1,Fail,-0.034535184795598334,25018.200390625,25087.81748046875,43.235309222666665,42.128627232142854
2026-01-27 11:20:00+05:30,25049.80078125,25064.849609375,25037.150390625,0,25039.400390625,25021.1015625,1,0,Fail,0.07308013706211297,25029.43046875,25082.40751953125,37.61672214993473,40.914341517857146
2026-01-27 11:25:00+05:30,25038.650390625,25066.650390625,25030.94921875,0,25057.69921875,25063.0,1,1,Success,0.02115430153313345,25038.76015625,25077.68251953125,31.968461009961075,39.142996651785715
2026-01-27 11:30:00+05:30,25057.75,25084.80078125,25052.55078125,0,25063.0,25090.499999999996,1,1,Success,0.109723496788094,25047.51015625,25073.97001953125,34.599184435707926,39.975167410714285
2026-01-27 11:35:00+05:30,25063.0,25091.650390625,25062.849609375,0,25090.5,25154.650390625,1,1,Success,0.2556760153245252,25059.730078125,25073.05,45.52057330445103,38.100306919642854
2026-01-27 11:40:00+05:30,25091.0,25157.849609375,25079.44921875,0,25154.650390625,25108.150390625,0,0,Success,-0.1848564749575303,25081.05,25074.26748046875,53.64348975900655,41.725306919642854
2026-01-27 11:45:00+05:30,25154.150390625,25162.05078125,25107.75,0,25108.150390625,25086.75,0,0,Success,-0.08523284388558776,25094.8,25074.7025390625,49.675578111860936,43.9716796875
2026-01-27 11:50:00+05:30,25109.400390625,25109.69921875,25084.19921875,0,25086.75,25103.650390625004,1,1,Success,0.06736779624702283,25100.61015625,25072.617578125,58.70263208971112,39.175223214285715
2026-01-27 11:55:00+05:30,25088.55078125,25116.94921875,25083.599609375,0,25103.650390625,25113.650390625004,1,1,Success,0.039834844113884396,25108.740234375,25068.9701171875,59.39392152045379,39.25013950892857
2026-01-27 12:00:00+05:30,25104.0,25131.80078125,25092.650390625,0,25113.650390625,25115.250000000004,1,1,Success,0.006369481736502707,25113.3703125,25066.57509765625,70.1645531567765,37.589425223214285
2026-01-27 12:05:00+05:30,25114.55078125,25125.900390625,25114.150390625,0,25115.25,25120.349609374996,1,1,Success,0.020304832223449896,25105.490234375,25066.45263671875,73.14964510150325,36.153738839285715
2026-01-27 12:10:00+05:30,25116.25,25137.650390625,25113.94921875,0,25120.349609375,25148.750000000004,0,1,Fail,-0.1130573063935419,25107.930078125,25066.03759765625,70.82672736621144,34.882393973214285
2026-01-27 12:15:00+05:30,25121.55078125,25127.55078125,25091.25,0,25091.94921875,25127.599609375004,1,1,Success,0.1420790003765837,25108.969921875,25065.1025390625,62.86249409431078,34.207449776785715
2026-01-27 12:20:00+05:30,25092.0,25135.5,25091.19921875,0,25127.599609375,25153.099609375004,0,1,Fail,-0.1014820372674438,25113.759765625,25069.98251953125,65.93617665690655,36.19321986607143
2026-01-27 12:25:00+05:30,25127.099609375,25138.19921875,25100.349609375,0,25102.099609375,25105.398437500004,0,1,Fail,-0.013141642238436387,25111.449609375,25073.02001953125,58.580509105459974,36.396763392857146
2026-01-27 12:30:00+05:30,25102.25,25109.25,25083.099609375,0,25098.80078125,25111.201171874996,0,1,Fail,-0.04940630722988041,25108.159765625,25078.22509765625,59.593098417994305,36.2861328125
2026-01-27 12:35:00+05:30,25099.0,25101.80078125,25070.55078125,0,25086.400390625,25093.25,0,1,Fail,-0.02730407419296296,25101.369921875,25083.3826171875,54.725232297355504,35.968191964285715
2026-01-27 12:40:00+05:30,25086.099609375,25093.650390625,25076.55078125,0,25079.55078125,25100.601562500004,0,1,Fail,-0.08393603790438706,25098.890234375,25086.8076171875,52.71102065559527,34.886021205357146
2026-01-27 12:45:00+05:30,25081.19921875,25091.80078125,25058.5,0,25058.5,25094.300781249996,1,1,Success,0.14286881197996687,25085.0703125,25088.7701171875,44.6452616370114,35.207449776785715
2026-01-27 12:50:00+05:30,25060.44921875,25100.400390625,25056.5,0,25094.30078125,25099.65234375,0,1,Fail,-0.021325808384342747,25083.510546875,25092.01513671875,38.84279016700788,32.7431640625
2026-01-27 12:55:00+05:30,25094.0,25096.849609375,25082.349609375,0,25088.94921875,25096.94921875,0,1,Fail,-0.0318865486563354,25081.540234375,25094.06005859375,45.81313932962628,29.900251116071427
2026-01-27 13:00:00+05:30,25088.94921875,25090.44921875,25065.150390625,0,25080.94921875,25089.599609374996,1,1,Success,0.03448988532911325,25080.45,25096.1375,48.65661917200967,29.885881696428573
2026-01-27 13:05:00+05:30,25080.69921875,25094.400390625,25074.19921875,0,25089.599609375,25090.25,0,1,Fail,-0.0025922718382360094,25082.459765625,25097.73251953125,46.61675348161658,28.946707589285715
2026-01-27 13:10:00+05:30,25089.5,25090.900390625,25071.150390625,0,25088.94921875,25098.050781250004,1,1,Success,0.03627717693811597,25088.549609375,25099.02998046875,43.77185290071441,27.560965401785715
2026-01-27 13:15:00+05:30,25089.099609375,25099.5,25081.19921875,0,25098.05078125,25103.55078125,1,1,Success,0.021914052401666526,25089.299609375,25099.40751953125,45.82147056822986,27.9931640625
2026-01-27 13:20:00+05:30,25098.599609375,25112.75,25085.900390625,0,25103.55078125,25120.900390625,1,1,Success,0.0691121727208349,25092.219921875,25096.8525390625,45.92666960330353,28.218052455357142
2026-01-27 13:25:00+05:30,25102.400390625,25123.69921875,25089.849609375,0,25120.900390625,25134.900390625,0,1,Fail,-0.055730486496514006,25100.21015625,25097.4900390625,57.41750814043689,28.04296875
2026-01-27 13:30:00+05:30,25122.69921875,25132.25,25106.5,0,25106.900390625,25182.1015625,0,1,Fail,-0.2995239185442436,25103.6703125,25098.49755859375,44.03494154089172,26.717912946428573
2026-01-27 13:35:00+05:30,25107.25,25108.55078125,25027.69921875,0,25031.69921875,25045.25,1,1,Success,0.05413448416578043,25092.2203125,25094.9,34.22966195208667,29.789481026785715
2026-01-27 13:40:00+05:30,25033.599609375,25064.099609375,25018.0,0,25045.25,25058.650390625,1,1,Success,0.053504718958684784,25081.66015625,25091.47998046875,38.53091271846486,31.214425223214285
2026-01-27 13:45:00+05:30,25046.150390625,25060.75,25040.650390625,0,25058.650390625,25073.8515625,0,1,Fail,-0.0606623726259699,25072.680078125,25088.65,44.082071248731246,30.41796875
2026-01-27 13:50:00+05:30,25059.80078125,25065.900390625,25036.94921875,0,25043.44921875,25049.349609375,1,1,Success,0.023560614887594578,25057.18984375,25084.80498046875,42.56583919423479,31.264508928571427
2026-01-27 13:55:00+05:30,25043.75,25065.650390625,25039.599609375,0,25049.349609375,25082.1484375,0,1,Fail,-0.13093684521343688,25045.6796875,25082.675,47.990322634157685,30.746651785714285
2026-01-27 14:00:00+05:30,25050.849609375,25055.650390625,25013.150390625,0,25016.55078125,25024.44921875,1,1,Success,0.03157284778811278,25042.65,25077.12255859375,32.69578520705562,30.646623883928573
2026-01-27 14:05:00+05:30,25017.400390625,25033.099609375,24998.25,0,25024.44921875,25034.55078125,1,1,Success,0.04036677255790002,25038.48984375,25073.2400390625,35.80565295916246,32.100167410714285
2026-01-27 14:10:00+05:30,25026.05078125,25059.400390625,25024.349609375,0,25034.55078125,25039.751953124996,0,1,Fail,-0.020775974454055296,25033.669921875,25070.0275390625,39.88279783602945,32.79673549107143
2026-01-27 14:15:00+05:30,25034.900390625,25039.5,25024.05078125,0,25029.349609375,25037.449218750004,0,1,Fail,-0.0323604468410406,25030.85,25067.175,36.661823945174426,32.457310267857146
2026-01-27 14:20:00+05:30,25030.05078125,25032.849609375,25007.849609375,0,25021.25,25032.650390625,1,1,Success,0.04556283409102263,25025.230078125,25064.2599609375,35.491243323309675,32.832310267857146
2026-01-27 14:25:00+05:30,25022.69921875,25039.44921875,25019.0,0,25032.650390625,25041.749999999996,1,1,Success,0.0363509625748934,25028.45,25062.96748046875,36.120667479717724,32.985770089285715
2026-01-27 14:30:00+05:30,25032.69921875,25051.099609375,25024.44921875,0,25041.75,25092.400390625,1,1,Success,0.20226378198408657,25031.91015625,25060.33994140625,37.08194523925441,32.97154017857143
2026-01-27 14:35:00+05:30,25042.30078125,25093.05078125,25040.650390625,0,25092.400390625,25097.201171875,0,1,Fail,-0.019132411308858534,25043.480078125,25060.5125,44.770717139883565,34.296595982142854
2026-01-27 14:40:00+05:30,25093.099609375,25108.650390625,25084.849609375,0,25087.599609375,25115.19921875,1,1,Success,0.1100129538287365,25055.130078125,25060.84501953125,46.334895978686724,34.15736607142857
2026-01-27 14:45:00+05:30,25088.900390625,25116.05078125,25088.30078125,0,25115.19921875,25142.499999999996,1,1,Success,0.10870222852788812,25073.919921875,25062.125,69.35530600351876,30.414481026785715
2026-01-27 14:50:00+05:30,25115.900390625,25145.80078125,25115.150390625,0,25142.5,25145.55078125,0,1,Fail,-0.012133961419906534,25095.88984375,25064.8025390625,71.1916921594908,29.310965401785715
2026-01-27 14:55:00+05:30,25143.599609375,25155.30078125,25116.55078125,0,25139.44921875,25150.048828125004,0,1,Fail,-0.04216325219684762,25115.4296875,25066.8724609375,68.43850558556554,30.643136160714285
2026-01-27 15:00:00+05:30,25141.19921875,25145.55078125,25100.75,0,25128.849609375,25147.69921875,1,1,Success,0.075011827712032,25122.71953125,25068.13740234375,69.906669656172,31.775251116071427
2026-01-27 15:05:00+05:30,25130.5,25160.25,25125.900390625,0,25147.69921875,25170.400390624996,1,1,Success,0.09027136708424649,25134.739453125,25069.47734375,71.61993898816094,32.36802455357143
2026-01-27 15:10:00+05:30,25142.94921875,25175.349609375,25142.75,0,25170.400390625,25202.900390624996,1,1,Success,0.12911991663074612,25145.7796875,25072.65234375,85.39156215014721,31.660853794642858
2026-01-27 15:15:00+05:30,25169.25,25207.349609375,25168.05078125,0,25202.900390625,25229.949218749996,1,1,Success,0.10732426707150597,25157.859765625,25081.21240234375,86.87692215733375,31.978655133928573
2026-01-27 15:20:00+05:30,25203.94921875,25229.94921875,25190.650390625,0,25229.94921875,25234.099609375004,1,1,Success,0.016450253581626623,25175.959765625,25090.44736328125,87.73593441143566,32.28208705357143
2026-01-27 15:25:00+05:30,25230.400390625,25246.099609375,25225.69921875,0,25234.099609375,25336.000000000004,1,1,Success,0.4038201964897604,25197.009765625,25099.21982421875,89.70307524291837,32.6357421875
2026-01-28 09:15:00+05:30,25248.599609375,25336.150390625,25227.650390625,0,25336.0,25358.749999999996,1,1,Success,0.08979317966529839,25234.669921875,25113.84736328125,94.75300752701034,38.600027901785715
2026-01-28 09:20:00+05:30,25335.44921875,25371.400390625,25335.099609375,0,25358.75,25364.75,0,1,Fail,-0.023660472223591463,25272.33984375,25129.3173828125,94.91705985352365,39.73228236607143
2026-01-28 09:25:00+05:30,25357.900390625,25366.650390625,25324.69921875,0,25352.75,25309.30078125,0,0,Success,-0.17137872124325765,25302.309765625,25146.12734375,93.20616483051491,40.8251953125
2026-01-28 09:30:00+05:30,25352.099609375,25363.900390625,25308.69921875,0,25309.30078125,25307.501953125,1,0,Fail,0.007107379775314195,25318.180078125,25160.369921875,80.74846466285283,41.02525111607143
2026-01-28 09:35:00+05:30,25310.30078125,25319.099609375,25286.5,0,25311.099609375,25293.0,0,0,Success,-0.07150858577592603,25333.580078125,25174.19736328125,81.95603361217448,41.653738839285715
2026-01-28 09:40:00+05:30,25311.400390625,25319.849609375,25289.0,0,25293.0,25292.69921875,0,0,Success,-0.0011891877199225083,25324.980078125,25187.3798828125,76.1318620439705,41.82505580357143
2026-01-28 09:45:00+05:30,25292.94921875,25299.599609375,25278.099609375,0,25292.69921875,25288.400390625,0,0,Success,-0.01699632011522594,25311.769921875,25200.95234375,73.97822369134838,41.171456473214285
2026-01-28 09:50:00+05:30,25292.650390625,25302.900390625,25278.55078125,0,25288.400390625,25273.1015625,1,0,Fail,0.06049741339381685,25298.9,25213.73984375,73.68460278587979,40.142857142857146
2026-01-28 09:55:00+05:30,25288.400390625,25304.650390625,25272.69921875,0,25303.69921875,25289.80078125,0,0,Success,-0.05492650453930973,25297.7796875,25226.8373046875,77.39331587824242,39.225027901785715
2026-01-28 10:00:00+05:30,25304.69921875,25316.400390625,25281.69921875,0,25289.80078125,25252.099609375,0,0,Success,-0.14907658704433868,25293.519921875,25236.70732421875,72.61357134293371,39.25013950892857
2026-01-28 10:05:00+05:30,25290.25,25295.650390625,25244.44921875,0,25252.099609375,25248.099609375,0,0,Success,-0.015840266995125328,25285.33984375,25244.93232421875,62.40892799396331,40.578822544642854
2026-01-28 10:10:00+05:30,25252.849609375,25265.099609375,25232.69921875,0,25248.099609375,25235.798828125,1,0,Fail,0.04871963213196662,25276.419921875,25251.57734375,57.51578370363785,40.08607700892857
2026-01-28 10:15:00+05:30,25248.30078125,25260.400390625,25235.599609375,0,25260.400390625,25245.951171875,1,0,Fail,0.05720106778419316,25270.819921875,25257.47236328125,55.32461320333548,39.050502232142854
2026-01-28 10:20:00+05:30,25260.349609375,25278.099609375,25254.25,0,25274.849609375,25246.5,0,0,Success,-0.1121652940102342,25265.05,25264.2423828125,56.877727791261776,39.296875
2026-01-28 10:25:00+05:30,25275.349609375,25281.599609375,25246.5,0,25246.5,25234.0,1,0,Fail,0.049511813518705566,25256.38984375,25270.12490234375,29.905279756677686,34.053989955357146
2026-01-28 10:30:00+05:30,25246.849609375,25260.69921875,25234.05078125,0,25259.0,25216.400390625,1,0,Fail,0.16865121095451127,25257.769921875,25275.68994140625,26.523369967443884,33.364536830357146
2026-01-28 10:35:00+05:30,25259.30078125,25302.19921875,25256.150390625,0,25301.599609375,25281.69921875,0,0,Success,-0.07865269758527958,25268.469921875,25282.24990234375,39.73068987892891,33.6572265625
2026-01-28 10:40:00+05:30,25301.849609375,25301.849609375,25279.80078125,0,25281.69921875,25281.150390625,0,0,Success,-0.002170851414104972,25272.7296875,25286.18984375,43.87981357817568,31.289202008928573
2026-01-28 10:45:00+05:30,25282.19921875,25285.80078125,25267.349609375,0,25281.150390625,25266.0,1,0,Fail,0.059927615598609055,25273.98984375,25288.74990234375,43.322242904999925,30.278599330357142
2026-01-28 10:50:00+05:30,25280.80078125,25298.599609375,25280.599609375,0,25296.30078125,25293.8515625,1,0,Fail,0.009682122185293582,25283.95,25291.8599609375,50.74578122892875,29.360770089285715
2026-01-28 10:55:00+05:30,25296.150390625,25307.349609375,25286.69921875,0,25298.75,25276.400390625,1,0,Fail,0.0883427417362518,25291.9,25289.9974609375,51.3539736051095,29.300083705357142
2026-01-28 11:00:00+05:30,25299.849609375,25322.44921875,25288.849609375,0,25321.099609375,25321.048828125,1,0,Fail,0.0002005491498528702,25295.8,25288.11494140625,56.7701340595791,29.960797991071427
2026-01-28 11:05:00+05:30,25321.0,25330.599609375,25314.44921875,0,25321.150390625,25316.701171875,1,0,Fail,0.017571155659844333,25303.690234375,25286.5349609375,53.85664582860311,28.832170758928573
2026-01-28 11:10:00+05:30,25320.599609375,25326.69921875,25312.900390625,0,25325.599609375,25322.55078125,0,0,Success,-0.012038522965005688,25312.580078125,25287.34990234375,58.25623188821896,27.339146205357142
2026-01-28 11:15:00+05:30,25325.349609375,25328.599609375,25313.30078125,0,25322.55078125,25307.201171875,1,0,Fail,0.060616363286614745,25317.830078125,25287.9224609375,69.33915220010691,24.774693080357142
2026-01-28 11:20:00+05:30,25322.5,25339.150390625,25318.94921875,0,25337.900390625,25336.94921875,0,0,Success,-0.0037539490657715773,25325.66015625,25290.16748046875,73.2048046305913,23.9033203125
2026-01-28 11:25:00+05:30,25337.19921875,25351.05078125,25330.69921875,0,25336.94921875,25336.09765625,1,0,Fail,0.0033609512046928747,25328.830078125,25292.37998046875,71.01298528731586,23.585518973214285
2026-01-28 11:30:00+05:30,25337.400390625,25343.94921875,25330.94921875,0,25337.80078125,25309.400390625,0,0,Success,-0.11208703892729444,25332.16015625,25294.85,68.67446139584706,22.810546875
2026-01-28 11:35:00+05:30,25337.400390625,25338.099609375,25301.099609375,0,25309.400390625,25292.5,0,0,Success,-0.06677515217334098,25328.9203125,25295.13505859375,68.65377703600312,22.9462890625
2026-01-28 11:40:00+05:30,25310.55078125,25310.55078125,25292.30078125,0,25292.5,25268.5,1,0,Fail,0.09488978946327963,25322.91015625,25295.27001953125,59.682080876557855,22.346400669642858
2026-01-28 11:45:00+05:30,25292.80078125,25320.94921875,25290.650390625,0,25316.5,25314.599609375,0,0,Success,-0.007506529832322794,25318.630078125,25298.4900390625,54.82524377405193,21.221400669642858
2026-01-28 11:50:00+05:30,25317.099609375,25321.900390625,25309.0,0,25314.599609375,25307.3984375,1,0,Fail,0.028446714489345985,25314.16015625,25301.8150390625,62.06022589102514,20.567940848214285
2026-01-28 11:55:00+05:30,25314.150390625,25322.44921875,25310.19921875,0,25321.80078125,25314.8515625,1,0,Fail,0.027443619867453025,25310.96015625,25304.88505859375,64.20818365437731,20.125
2026-01-28 12:00:00+05:30,25320.849609375,25332.25,25318.900390625,0,25328.75,25317.5,0,0,Success,-0.04441593051374426,25314.830078125,25307.580078125,62.03145813616803,19.792829241071427
2026-01-28 12:05:00+05:30,25329.150390625,25339.5,25316.44921875,0,25317.5,25313.80078125,0,0,Success,-0.014611311345906982,25319.830078125,25311.130078125,56.52617261656294,19.964285714285715
2026-01-28 12:10:00+05:30,25317.55078125,25319.349609375,25306.94921875,0,25313.80078125,25302.0,0,0,Success,-0.04661797472444703,25319.290234375,25313.8701171875,47.08051431423366,18.450055803571427
2026-01-28 12:15:00+05:30,25313.80078125,25318.05078125,25299.94921875,0,25302.0,25286.099609375,0,0,Success,-0.06284242599399258,25316.7703125,25313.89013671875,42.998128981788625,18.589425223214285
2026-01-28 12:20:00+05:30,25302.5,25309.94921875,25286.05078125,0,25286.099609375,25271.80078125,0,0,Success,-0.05654817605677155,25309.630078125,25314.11015625,36.67369527373788,19.310825892857142
2026-01-28 12:25:00+05:30,25286.599609375,25290.19921875,25269.0,0,25271.80078125,25264.1015625,1,0,Fail,0.030465651485003433,25298.240234375,25313.64267578125,34.086232209170745,19.732282366071427
2026-01-28 12:30:00+05:30,25272.0,25286.19921875,25269.05078125,0,25279.5,25274.900390625,0,0,Success,-0.018195017207618822,25290.640234375,25312.80263671875,30.764381171529777,19.514229910714285
2026-01-28 12:35:00+05:30,25280.25,25285.94921875,25271.099609375,0,25274.900390625,25274.451171875,1,0,Fail,0.0017773314357615623,25282.86015625,25311.61015625,30.042341443713042,19.121233258928573
2026-01-28 12:40:00+05:30,25274.650390625,25277.849609375,25258.94921875,0,25275.349609375,25265.099609375,0,0,Success,-0.040553346079921775,25277.530078125,25309.32265625,29.860804910998013,19.542689732142858
2026-01-28 12:45:00+05:30,25275.599609375,25281.05078125,25263.05078125,0,25265.099609375,25264.798828125,1,0,Fail,0.0011905009465642104,25273.330078125,25306.5201171875,33.819836751352426,18.185546875
2026-01-28 12:50:00+05:30,25264.400390625,25279.44921875,25261.0,0,25265.400390625,25258.099609375,0,0,Success,-0.028896360782428108,25272.05,25303.51015625,38.73654469214626,18.199776785714285
2026-01-28 12:55:00+05:30,25265.150390625,25268.349609375,25257.05078125,0,25258.099609375,25253.94921875,1,0,Fail,0.016431919618606253,25267.769921875,25300.28759765625,21.814376985395725,16.842633928571427
2026-01-28 13:00:00+05:30,25258.099609375,25269.150390625,25252.05078125,0,25262.25,25260.05078125,0,0,Success,-0.008705553741254243,25265.23984375,25296.505078125,25.271703998312105,17.142578125
2026-01-28 13:05:00+05:30,25262.400390625,25267.150390625,25256.349609375,0,25260.05078125,25243.8515625,1,0,Fail,0.0641297948697092,25262.180078125,25292.66015625,19.384514052959645,17.0390625
2026-01-28 13:10:00+05:30,25260.05078125,25279.69921875,25256.849609375,0,25276.25,25273.94921875,1,0,Fail,0.009102541911873794,25264.41015625,25289.5826171875,26.157530568121842,17.717633928571427
2026-01-28 13:15:00+05:30,25276.599609375,25291.30078125,25268.80078125,0,25278.55078125,25238.30078125,0,0,Success,-0.15922590004587944,25267.040234375,25288.04013671875,30.746504939292706,17.678292410714285
2026-01-28 13:20:00+05:30,25278.5,25280.150390625,25215.05078125,0,25238.30078125,25237.951171875,1,0,Fail,0.0013852334118298934,25263.08046875,25285.33017578125,22.585174865693105,21.442522321428573
2026-01-28 13:25:00+05:30,25239.25,25252.55078125,25227.849609375,0,25238.650390625,25232.80078125,0,0,Success,-0.023177187704033736,25258.360546875,25281.4376953125,24.91065762487669,21.913922991071427
2026-01-28 13:30:00+05:30,25238.349609375,25251.5,25232.80078125,0,25232.80078125,25232.400390625,0,0,Success,-0.001586786296420659,25252.910546875,25277.34775390625,27.065369002402875,21.542550223214285
2026-01-28 13:35:00+05:30,25233.0,25234.900390625,25225.849609375,0,25232.400390625,25208.349609375,0,0,Success,-0.09531705615663888,25244.140625,25272.877734375,30.742501437584778,20.6748046875
2026-01-28 13:40:00+05:30,25232.0,25240.80078125,25207.150390625,0,25208.349609375,25198.80078125,0,0,Success,-0.03787962430292852,25230.100390625,25266.85771484375,20.016790376223412,21.853515625
2026-01-28 13:45:00+05:30,25207.349609375,25213.44921875,25191.599609375,0,25198.80078125,25178.751953125,1,0,Fail,0.07956262799584492,25222.200390625,25260.92275390625,19.215271062096434,22.353515625
2026-01-28 13:50:00+05:30,25199.05078125,25220.849609375,25188.150390625,0,25218.849609375,25206.3984375,1,0,Fail,0.049372481567800504,25218.240234375,25256.1751953125,30.272238711231708,23.339146205357142
2026-01-28 13:55:00+05:30,25218.849609375,25234.19921875,25216.900390625,0,25231.30078125,25227.1015625,1,0,Fail,0.016642894420728964,25217.940234375,25252.640234375,38.377325505394765,23.2890625
2026-01-28 14:00:00+05:30,25232.25,25242.80078125,25224.599609375,0,25235.5,25223.80078125,0,0,Success,-0.046360162271403375,25218.56015625,25250.11025390625,39.98639469831341,23.271344866071427
2026-01-28 14:05:00+05:30,25235.80078125,25237.44921875,25221.69921875,0,25223.80078125,25209.05078125,0,0,Success,-0.05847651639781561,25221.650390625,25247.71025390625,38.842082487842625,23.589285714285715
2026-01-28 14:10:00+05:30,25223.94921875,25233.55078125,25205.150390625,0,25209.05078125,25191.751953125,1,0,Fail,0.06862149739436652,25223.700390625,25244.18779296875,33.81003325697215,24.396484375
2026-01-28 14:15:00+05:30,25208.650390625,25226.44921875,25201.099609375,0,25226.349609375,25219.099609375,0,0,Success,-0.028739790386896263,25225.200390625,25241.76025390625,40.60707011452554,25.435686383928573
2026-01-28 14:20:00+05:30,25226.400390625,25232.150390625,25211.0,0,25219.099609375,25203.048828125,1,0,Fail,0.0636453382500351,25222.76015625,25238.94775390625,33.2351693913956,25.314313616071427
2026-01-28 14:25:00+05:30,25219.80078125,25239.599609375,25216.349609375,0,25235.150390625,25224.30078125,0,0,Success,-0.04299403493561382,25222.690234375,25237.45029296875,38.21904587325131,25.367885044642858
2026-01-28 14:30:00+05:30,25235.150390625,25250.69921875,25224.30078125,0,25224.30078125,25211.8515625,1,0,Fail,0.04935406875283491,25222.790234375,25235.3953125,45.477944846322565,22.603515625
2026-01-28 14:35:00+05:30,25223.55078125,25240.599609375,25218.94921875,0,25236.75,25221.94921875,1,0,Fail,0.05864773098754792,25228.330078125,25234.32783203125,49.43066782667037,22.385602678571427
2026-01-28 14:40:00+05:30,25237.650390625,25253.19921875,25232.80078125,0,25251.55078125,25222.6015625,1,0,Fail,0.1146433302286354,25233.3703125,25233.79287109375,55.33131923533166,22.506975446428573
2026-01-28 14:45:00+05:30,25252.05078125,25280.849609375,25251.19921875,0,25280.5,25253.80078125,1,0,Fail,0.10561190937679239,25245.650390625,25234.81533203125,61.766251594085055,23.978376116071427
2026-01-28 14:50:00+05:30,25280.900390625,25309.55078125,25278.0,0,25307.19921875,25320.69921875,1,1,Success,0.0533445043969856,25260.06015625,25236.36279296875,73.87153673535605,23.828404017857142
2026-01-28 14:55:00+05:30,25307.75,25329.05078125,25307.75,0,25320.69921875,25334.349609374996,1,1,Success,0.05391000661976931,25279.33984375,25238.47021484375,78.88642038642433,23.828543526785715
2026-01-28 15:00:00+05:30,25320.80078125,25344.5,25320.80078125,0,25334.349609375,25335.5,0,1,Fail,-0.004540833464200309,25298.859765625,25243.27265625,78.22612973626545,23.192940848214285
2026-01-28 15:05:00+05:30,25333.599609375,25344.099609375,25323.19921875,0,25333.19921875,25329.650390625,0,0,Success,-0.014008606233883742,25315.189453125,25248.00009765625,76.35801465652189,23.4501953125
2026-01-28 15:10:00+05:30,25333.19921875,25334.650390625,25322.5,0,25329.650390625,25308.75,1,0,Fail,0.08251353770257976,25325.01953125,25252.842578125,74.43605205722537,23.017996651785715
2026-01-28 15:15:00+05:30,25329.75,25356.44921875,25329.75,0,25350.55078125,25349.501953125,1,0,Fail,0.004137299161861775,25333.68984375,25258.75009765625,81.39744154747578,23.807198660714285
2026-01-28 15:20:00+05:30,25350.55078125,25357.900390625,25346.400390625,0,25351.599609375,25348.05078125,0,0,Success,-0.013998438677169888,25339.869921875,25265.91259765625,87.88240539079413,22.600027901785715
2026-01-28 15:25:00+05:30,25350.5,25358.400390625,25341.0,0,25348.05078125,25280.55078125,0,0,Success,-0.2662926651935299,25342.61015625,25273.37509765625,84.89209431986353,22.0322265625
2026-01-29 09:15:00+05:30,25346.400390625,25346.400390625,25250.30078125,0,25280.55078125,25275.849609375,0,0,Success,-0.01859600257794522,25332.08046875,25276.46015625,63.094415597577736,27.503627232142858
2026-01-29 09:20:00+05:30,25281.30078125,25285.44921875,25252.400390625,0,25275.849609375,25272.599609375,0,0,Success,-0.012858123664395246,25321.3203125,25278.68759765625,59.11325305929223,28.203543526785715
2026-01-29 09:25:00+05:30,25275.05078125,25304.599609375,25271.599609375,0,25272.599609375,25264.6484375,1,0,Fail,0.03146163037398999,25305.730078125,25280.542578125,61.195975946589215,28.675083705357142
2026-01-29 09:30:00+05:30,25270.69921875,25282.25,25252.30078125,0,25280.55078125,25225.69921875,0,0,Success,-0.21697139027794496,25291.5203125,25283.380078125,60.36954145479416,29.267857142857142
2026-01-29 09:35:00+05:30,25279.0,25279.099609375,25216.099609375,0,25225.69921875,25210.69921875,0,0,Success,-0.05946316837414225,25267.05,25284.2125,44.855410422767136,32.414481026785715
2026-01-29 09:40:00+05:30,25225.900390625,25241.650390625,25208.099609375,0,25210.69921875,25192.298828125,1,0,Fail,0.0729864351057548,25253.0796875,25283.42998046875,35.29276199995239,32.693080357142854
2026-01-29 09:45:00+05:30,25209.0,25232.80078125,25204.400390625,0,25229.099609375,25180.69921875,0,0,Success,-0.19184351155764065,25243.7296875,25283.92998046875,32.94782895920903,32.468052455357146
2026-01-29 09:50:00+05:30,25227.44921875,25238.349609375,25176.69921875,0,25180.69921875,25176.548828125,1,0,Fail,0.016482428025308943,25225.349609375,25281.207421875,23.475036622191794,35.310825892857146
2026-01-29 09:55:00+05:30,25181.44921875,25192.150390625,25160.05078125,0,25184.849609375,25176.69921875,1,0,Fail,0.03236227633444369,25206.209375,25279.23486328125,20.617409050947714,35.903599330357146
2026-01-29 10:00:00+05:30,25185.30078125,25197.900390625,25167.05078125,0,25193.0,25190.69921875,0,0,Success,-0.009132621164609217,25199.66953125,25277.04736328125,23.183251381059364,36.6142578125
2026-01-29 10:05:00+05:30,25192.849609375,25200.05078125,25172.900390625,0,25190.69921875,25169.748046875,1,0,Fail,0.08317026730010565,25195.66953125,25274.00478515625,23.29446916516079,37.68568638392857
2026-01-29 10:10:00+05:30,25190.400390625,25214.349609375,25178.849609375,0,25211.650390625,25210.849609375,0,0,Success,-0.003176234945324214,25192.1796875,25270.5623046875,23.30943890658044,38.307198660714285
2026-01-29 10:15:00+05:30,25210.349609375,25228.849609375,25205.400390625,0,25210.849609375,25208.3984375,1,0,Fail,0.009722686513859088,25198.209765625,25265.74482421875,22.928218292960864,39.160714285714285
2026-01-29 10:20:00+05:30,25211.25,25218.30078125,25167.650390625,0,25213.30078125,25194.30078125,0,0,Success,-0.07535705128354098,25203.9,25260.37490234375,23.972354668027265,41.535714285714285
2026-01-29 10:25:00+05:30,25211.849609375,25214.900390625,25179.19921875,0,25194.30078125,25176.15234375,1,0,Fail,0.07203390027599557,25204.16015625,25253.3724609375,29.49936862034359,37.10365513392857
2026-01-29 10:30:00+05:30,25194.30078125,25218.5,25183.400390625,0,25212.44921875,25186.400390625,0,0,Success,-0.10331732509996688,25208.51015625,25247.3349609375,35.83590045668679,37.25013950892857
2026-01-29 10:35:00+05:30,25213.099609375,25221.650390625,25186.400390625,0,25186.400390625,25182.80078125,1,0,Fail,0.014291877041468235,25203.46015625,25240.1724609375,32.522849294869104,37.410853794642854
2026-01-29 10:40:00+05:30,25186.25,25204.94921875,25175.650390625,0,25190.0,25184.849609375,0,0,Success,-0.02044617159587138,25199.290234375,25232.144921875,31.31076960958805,37.36439732142857
2026-01-29 10:45:00+05:30,25191.05078125,25200.849609375,25184.5,0,25184.849609375,25145.6484375,1,0,Fail,0.15565378583959247,25193.6,25223.807421875,39.39261765928913,33.92857142857143
2026-01-29 10:50:00+05:30,25184.349609375,25227.94921875,25183.55078125,0,25224.05078125,25214.1015625,1,0,Fail,0.03944338217633004,25199.55,25217.607421875,53.07988967358606,34.703404017857146
2026-01-29 10:55:00+05:30,25223.94921875,25240.55078125,25218.599609375,0,25234.0,25229.599609375,1,0,Fail,0.017438339640960608,25203.86015625,25215.2798828125,51.17626647974876,34.242745535714285
2026-01-29 11:00:00+05:30,25234.599609375,25247.150390625,25232.349609375,0,25238.400390625,25247.400390625004,1,1,Success,0.035659946195889344,25214.26015625,25213.407421875,67.55940700114525,30.896344866071427
2026-01-29 11:05:00+05:30,25238.55078125,25252.099609375,25230.099609375,0,25247.400390625,25257.80078125,1,1,Success,0.04119390695313696,25225.740234375,25212.1474609375,68.48948104162153,30.174944196428573
2026-01-29 11:10:00+05:30,25247.75,25258.94921875,25242.05078125,0,25257.80078125,25267.55078125,1,1,Success,0.0386019356334375,25240.33046875,25211.0099609375,68.90311988720144,29.178431919642858
2026-01-29 11:15:00+05:30,25257.94921875,25279.25,25257.19921875,0,25267.55078125,25287.500000000004,1,1,Success,0.07895192898871499,25249.03046875,25213.1025390625,71.48473326864078,28.814174107142858
2026-01-29 11:20:00+05:30,25267.55078125,25296.900390625,25263.25,0,25287.5,25296.599609375,0,1,Fail,-0.035984614434008896,25259.73046875,25216.942578125,71.32408652508252,28.682059151785715
2026-01-29 11:25:00+05:30,25287.75,25287.75,25261.25,0,25278.400390625,25293.999999999996,0,1,Fail,-0.061711220385548715,25267.73046875,25219.4076171875,68.14433200901723,28.899972098214285
2026-01-29 11:30:00+05:30,25277.400390625,25295.19921875,25261.5,0,25262.80078125,25256.099609375,0,0,Success,-0.026525846967742375,25270.810546875,25223.5126953125,62.41865930542758,27.689174107142858
2026-01-29 11:35:00+05:30,25262.849609375,25267.400390625,25249.0,0,25256.099609375,25269.44921875,1,1,Success,0.05285697150974436,25270.4703125,25227.0751953125,66.5239233701844,26.453404017857142
2026-01-29 11:40:00+05:30,25255.80078125,25276.75,25254.25,0,25269.44921875,25276.09765625,0,1,Fail,-0.02631017970532908,25270.85,25230.89765625,65.64221850325629,25.553431919642858
2026-01-29 11:45:00+05:30,25270.19921875,25270.19921875,25249.150390625,0,25262.80078125,25281.3515625,0,1,Fail,-0.0734312137859566,25265.91015625,25234.502734375,73.46466227651138,24.5390625
2026-01-29 11:50:00+05:30,25263.0,25274.900390625,25240.0,0,25244.25,25258.80078125,1,1,Success,0.057639982372223376,25259.080078125,25236.13271484375,65.26019685436609,24.939174107142858
2026-01-29 11:55:00+05:30,25243.94921875,25263.400390625,25243.55078125,0,25258.80078125,25265.500000000004,1,1,Success,0.026522315164593774,25258.280078125,25238.5302734375,69.75715130294829,25.189174107142858
2026-01-29 12:00:00+05:30,25259.099609375,25268.80078125,25255.650390625,0,25265.5,25284.150390625,1,1,Success,0.07381761938216144,25260.16015625,25241.140234375,63.401111334369894,22.957170758928573
2026-01-29 12:05:00+05:30,25265.599609375,25287.94921875,25259.900390625,0,25284.150390625,25287.550781250004,0,1,Fail,-0.013448704316601504,25263.100390625,25245.63271484375,65.35063066079593,23.392717633928573
2026-01-29 12:10:00+05:30,25283.69921875,25286.55078125,25265.0,0,25280.75,25271.349609375,0,0,Success,-0.037183986333475076,25266.690234375,25249.04775390625,63.04271977047385,23.874860491071427
2026-01-29 12:15:00+05:30,25280.400390625,25282.94921875,25267.099609375,0,25271.349609375,25254.3984375,1,0,Fail,0.06707663871149788,25272.11015625,25253.29521484375,57.357670841597084,23.435546875
2026-01-29 12:20:00+05:30,25271.150390625,25290.150390625,25262.05078125,0,25288.30078125,25284.94921875,0,0,Success,-0.013253411247326726,25278.01015625,25258.21025390625,59.00763706156217,24.235630580357142
2026-01-29 12:25:00+05:30,25289.150390625,25289.150390625,25268.19921875,0,25284.94921875,25272.59765625,1,0,Fail,0.0488494653208191,25281.9,25263.215234375,55.34014334739969,24.157087053571427
2026-01-29 12:30:00+05:30,25285.849609375,25309.05078125,25284.900390625,0,25297.30078125,25288.80078125,0,0,Success,-0.03360042272296529,25284.530078125,25266.877734375,53.155339757908166,23.478515625
2026-01-29 12:35:00+05:30,25297.900390625,25300.80078125,25286.69921875,0,25288.80078125,25282.5,0,0,Success,-0.02491530264523899,25286.140234375,25269.6177734375,53.36136040317461,22.592912946428573
2026-01-29 12:40:00+05:30,25289.650390625,25297.150390625,25281.25,0,25282.5,25262.55078125,1,0,Fail,0.07890524572332641,25288.3703125,25271.82275390625,56.773855522384075,21.321568080357142
2026-01-29 12:45:00+05:30,25282.30078125,25309.44921875,25276.44921875,0,25302.44921875,25329.25,1,1,Success,0.10592168773187255,25291.2,25274.5751953125,64.60710806673515,22.364397321428573
2026-01-29 12:50:00+05:30,25303.150390625,25332.599609375,25301.849609375,0,25329.25,25321.80078125,0,0,Success,-0.029409551210556967,25300.06015625,25278.14765625,67.3732948452153,22.953683035714285
2026-01-29 12:55:00+05:30,25330.05078125,25340.849609375,25317.05078125,0,25321.80078125,25292.30078125,1,0,Fail,0.11650040316976124,25304.96015625,25280.86015625,67.06126869683092,23.150111607142858
2026-01-29 13:00:00+05:30,25322.25,25351.650390625,25321.0,0,25351.30078125,25345.751953125,1,0,Fail,0.021887745220174077,25317.46015625,25284.0501953125,79.11275409872307,22.846540178571427
2026-01-29 13:05:00+05:30,25351.650390625,25367.30078125,25349.349609375,0,25356.849609375,25353.650390625,0,0,Success,-0.012616783233265606,25332.330078125,25287.97265625,78.03741965268112,22.7109375
2026-01-29 13:10:00+05:30,25357.150390625,25364.0,25345.25,0,25353.650390625,25338.30078125,0,0,Success,-0.06054200929060619,25342.5703125,25292.51513671875,75.72179219418305,23.110909598214285
2026-01-29 13:15:00+05:30,25353.44921875,25356.400390625,25334.75,0,25338.30078125,25345.449218749996,1,1,Success,0.028211984543532402,25344.38046875,25296.6251953125,66.11113042619567,22.653878348214285
2026-01-29 13:20:00+05:30,25338.25,25347.400390625,25335.75,0,25345.44921875,25336.75,0,0,Success,-0.03432260629874538,25349.11015625,25300.4251953125,68.82972186928771,21.946707589285715
2026-01-29 13:25:00+05:30,25345.75,25350.5,25328.30078125,0,25336.75,25299.44921875,1,0,Fail,0.1472200706483665,25346.2,25304.12265625,69.11178835252294,22.400251116071427
2026-01-29 13:30:00+05:30,25337.150390625,25379.900390625,25333.44921875,0,25374.05078125,25359.40234375,1,0,Fail,0.05772999205481363,25349.640234375,25310.6126953125,72.39497250424117,23.711077008928573
2026-01-29 13:35:00+05:30,25374.30078125,25389.75,25371.849609375,0,25388.69921875,25374.8984375,1,0,Fail,0.054357968996725445,25356.65,25317.1076171875,75.58618957075682,23.4931640625
2026-01-29 13:40:00+05:30,25387.80078125,25403.44921875,25380.30078125,0,25402.5,25385.5,1,0,Fail,0.06692254699340616,25369.48984375,25323.9576171875,75.75945971773312,23.421595982142858
2026-01-29 13:45:00+05:30,25403.44921875,25430.30078125,25400.05078125,0,25419.5,25417.599609375,1,0,Fail,0.007476113318515313,25384.3,25330.72509765625,80.72451785320172,24.575055803571427
2026-01-29 13:50:00+05:30,25419.150390625,25426.099609375,25414.900390625,0,25421.400390625,25411.900390625,1,0,Fail,0.03737008919266087,25401.230078125,25337.7576171875,83.34224116970968,24.2392578125
2026-01-29 13:55:00+05:30,25421.150390625,25431.05078125,25416.400390625,0,25430.900390625,25416.900390625,0,0,Success,-0.055051137729913185,25412.6,25345.73515625,82.46246181119965,22.928571428571427
2026-01-29 14:00:00+05:30,25430.05078125,25436.25,25416.5,0,25416.900390625,25384.900390625,0,0,Success,-0.1259004816016164,25418.240234375,25352.16513671875,73.68354384723266,22.142857142857142
2026-01-29 14:05:00+05:30,25416.94921875,25416.94921875,25383.650390625,0,25384.900390625,25356.900390625,1,0,Fail,0.11030179188861736,25414.7203125,25357.1626953125,65.0526962747945,22.821428571428573
2026-01-29 14:10:00+05:30,25385.099609375,25420.849609375,25384.30078125,0,25412.900390625,25401.849609375,0,0,Success,-0.04348492726189063,25413.400390625,25362.94267578125,64.80078835567207,23.242745535714285
2026-01-29 14:15:00+05:30,25413.30078125,25420.05078125,25400.349609375,0,25401.849609375,25393.849609375,1,0,Fail,0.03149376963891424,25409.490234375,25368.5951171875,60.533823409053745,23.367745535714285
2026-01-29 14:20:00+05:30,25402.55078125,25410.80078125,25398.650390625,0,25409.849609375,25388.75,1,0,Fail,0.08303712811907107,25405.280078125,25374.96259765625,62.86621351720399,22.896344866071427
2026-01-29 14:25:00+05:30,25409.94921875,25431.0,25408.599609375,0,25430.94921875,25413.8984375,1,0,Fail,0.06704736462384432,25408.08984375,25381.38759765625,70.66675956689038,22.949916294642858
2026-01-29 14:30:00+05:30,25431.150390625,25454.0,25430.69921875,0,25448.0,25454.25,0,1,Fail,-0.0245598868280415,25420.709765625,25387.32509765625,71.90780575500817,23.782087053571427
2026-01-29 14:35:00+05:30,25447.599609375,25451.25,25434.94921875,0,25441.75,25443.249999999996,0,1,Fail,-0.0058958208456572365,25426.4796875,25393.32255859375,72.66824080613208,23.360770089285715
2026-01-29 14:40:00+05:30,25441.25,25444.44921875,25430.650390625,0,25440.25,25451.19921875,1,1,Success,0.043038958933186586,25434.159765625,25397.77001953125,66.90473810677574,21.028459821428573
2026-01-29 14:45:00+05:30,25439.69921875,25455.05078125,25436.19921875,0,25451.19921875,25457.548828124996,0,1,Fail,-0.024948173641744228,25442.4296875,25402.4875,66.26743661037406,21.096400669642858
2026-01-29 14:50:00+05:30,25451.5,25457.19921875,25440.05078125,0,25444.849609375,25434.80078125,0,0,Success,-0.03949258211098866,25445.209765625,25407.0474609375,61.46751140345469,20.667829241071427
2026-01-29 14:55:00+05:30,25444.80078125,25444.80078125,25429.94921875,0,25434.80078125,25419.400390625,0,0,Success,-0.06054850107712596,25442.569921875,25411.8724609375,54.30524714896793,19.571428571428573
2026-01-29 15:00:00+05:30,25436.94921875,25445.900390625,25408.0,0,25419.400390625,25417.3515625,1,0,Fail,0.008060096200206335,25438.1,25415.57001953125,49.47698527441406,21.478655133928573
2026-01-29 15:05:00+05:30,25420.0,25433.849609375,25408.0,0,25421.44921875,25407.599609375,0,0,Success,-0.05448001510781296,25434.33984375,25419.80498046875,47.42822517884273,22.278599330357142
2026-01-29 15:10:00+05:30,25423.0,25428.349609375,25407.599609375,0,25407.599609375,25393.6484375,1,0,Fail,0.054909444770423095,25425.619921875,25421.482421875,47.46707513241804,22.350027901785715
2026-01-29 15:15:00+05:30,25407.650390625,25431.650390625,25405.099609375,0,25421.55078125,25412.44921875,0,0,Success,-0.035802546344706,25420.96015625,25423.125,61.06935967747606,21.868024553571427
2026-01-29 15:20:00+05:30,25421.5,25427.69921875,25408.69921875,0,25412.44921875,25402.798828125,1,0,Fail,0.0379750512905292,25416.48984375,25423.6224609375,49.84617428816709,20.614536830357142
2026-01-29 15:25:00+05:30,25413.849609375,25425.94921875,25405.69921875,0,25422.099609375,25259.30078125,0,0,Success,-0.6403830943411303,25417.0296875,25423.75244140625,56.970740048358664,20.653738839285715
2026-01-30 09:15:00+05:30,25261.25,25284.400390625,25226.75,0,25259.30078125,25238.849609375,0,0,Success,-0.08096491685225476,25384.6,25415.6474609375,24.91261186795289,33.73939732142857
2026-01-30 09:20:00+05:30,25257.80078125,25266.0,25234.19921875,0,25238.849609375,25235.69921875,1,0,Fail,0.012482306736475752,25350.85,25406.044921875,17.91927875842697,34.410853794642854
2026-01-30 09:25:00+05:30,25236.150390625,25280.599609375,25230.650390625,0,25242.0,25261.400390624996,1,1,Success,0.07685758111480864,25314.93984375,25397.29990234375,13.92294219982763,36.31431361607143
2026-01-30 09:30:00+05:30,25242.5,25261.900390625,25219.150390625,0,25261.400390625,25232.150390625,1,0,Fail,0.11578930521545926,25284.730078125,25391.12490234375,19.80589761610051,38.203543526785715
2026-01-30 09:35:00+05:30,25261.19921875,25308.5,25261.19921875,0,25290.650390625,25289.05078125,1,0,Fail,0.006324904066496289,25258.440234375,25385.01240234375,27.083420585928778,40.59654017857143
2026-01-30 09:40:00+05:30,25291.05078125,25304.55078125,25268.80078125,0,25292.25,25278.94921875,1,0,Fail,0.052588366989888204,25265.030078125,25379.532421875,24.933160834182175,41.80357142857143
2026-01-30 09:45:00+05:30,25291.75,25308.05078125,25280.94921875,0,25305.55078125,25294.65234375,1,0,Fail,0.04306737914621931,25278.3703125,25374.31748046875,28.5033968373845,42.51450892857143
2026-01-30 09:50:00+05:30,25303.650390625,25323.0,25298.19921875,0,25316.44921875,25283.400390625,0,0,Success,-0.13054290449437594,25293.26015625,25368.59248046875,31.78374737092507,43.2216796875
2026-01-30 09:55:00+05:30,25316.44921875,25317.55078125,25274.349609375,0,25283.400390625,25278.201171875,1,0,Fail,0.020563763851668672,25297.66015625,25360.3625,30.145985389137408,43.600306919642854
2026-01-30 10:00:00+05:30,25283.94921875,25315.94921875,25279.94921875,0,25288.599609375,25282.650390625,0,0,Success,-0.023525299312321363,25297.25,25352.70498046875,30.782661749495688,44.32533482142857
2026-01-30 10:05:00+05:30,25288.099609375,25288.900390625,25266.44921875,0,25282.650390625,25251.0,1,0,Fail,0.12518620530676722,25295.330078125,25344.825,31.502706315587332,44.446847098214285
2026-01-30 10:10:00+05:30,25282.55078125,25315.75,25275.44921875,0,25314.30078125,25303.349609375,0,0,Success,-0.043260811229324576,25297.080078125,25337.980078125,34.91345676958845,45.428989955357146
2026-01-30 10:15:00+05:30,25315.80078125,25319.650390625,25303.349609375,0,25303.349609375,25279.30078125,0,0,Success,-0.0950420734656008,25294.46015625,25330.905078125,34.732722180370075,45.23618861607143
2026-01-30 10:20:00+05:30,25303.25,25304.349609375,25274.5,0,25279.30078125,25279.001953125,1,0,Fail,0.0011821059751053117,25293.640234375,25323.130078125,30.790976768271094,45.921875
2026-01-30 10:25:00+05:30,25279.75,25281.400390625,25268.94921875,0,25279.599609375,25267.1484375,1,0,Fail,0.049253833396880435,25291.840234375,25316.1400390625,54.85159973548662,32.857700892857146
2026-01-30 10:30:00+05:30,25279.94921875,25299.94921875,25273.44921875,0,25292.05078125,25301.25,1,1,Success,0.03637197643466597,25293.7203125,25309.6701171875,63.22114680155231,32.479073660714285
2026-01-30 10:35:00+05:30,25291.55078125,25302.0,25282.0,0,25301.25,25302.099609375,1,1,Success,0.0033579739143322963,25291.11015625,25304.35263671875,64.29459990002226,30.33984375
2026-01-30 10:40:00+05:30,25300.900390625,25311.599609375,25295.900390625,0,25302.099609375,25297.599609375,0,0,Success,-0.01778508530704167,25290.86015625,25298.380078125,60.78437456675129,28.407645089285715
2026-01-30 10:45:00+05:30,25301.05078125,25312.650390625,25297.25,0,25297.599609375,25296.80078125,0,0,Success,-0.003157723014573934,25294.519921875,25292.63759765625,52.11937093476392,26.129045758928573
2026-01-30 10:50:00+05:30,25297.75,25298.349609375,25284.30078125,0,25296.80078125,25291.55078125,1,0,Fail,0.020753612464273753,25297.96015625,25286.37265625,51.39470844386481,24.578962053571427
2026-01-30 10:55:00+05:30,25296.25,25306.5,25295.150390625,0,25302.05078125,25300.44921875,0,0,Success,-0.006329773479021046,25299.96015625,25288.51015625,48.871650167450134,23.453822544642858
2026-01-30 11:00:00+05:30,25302.400390625,25309.19921875,25298.94921875,0,25300.44921875,25263.099609375,0,0,Success,-0.14762429335571026,25299.8,25291.59013671875,44.51291390002832,22.414481026785715
2026-01-30 11:05:00+05:30,25300.650390625,25300.650390625,25262.0,0,25263.099609375,25255.44921875,0,0,Success,-0.03028286609043405,25292.0,25292.6451171875,43.23747556149301,22.089425223214285
2026-01-30 11:10:00+05:30,25262.849609375,25267.349609375,25247.099609375,0,25255.44921875,25252.349609375,0,0,Success,-0.01227303204212581,25283.569921875,25292.34755859375,39.13449839568323,20.964425223214285
2026-01-30 11:15:00+05:30,25255.349609375,25260.05078125,25246.44921875,0,25252.349609375,25241.19921875,1,0,Fail,0.044155853999662625,25274.6796875,25290.43251953125,39.879445726345025,20.332310267857142
2026-01-30 11:20:00+05:30,25252.44921875,25263.80078125,25244.0,0,25263.5,25258.94921875,0,0,Success,-0.01801326518495062,25266.96953125,25288.99501953125,30.340136021545263,18.868024553571427
2026-01-30 11:25:00+05:30,25263.25,25282.849609375,25256.599609375,0,25258.94921875,25245.849609375,0,0,Success,-0.0518612601876408,25258.66953125,25286.66494140625,31.921492496172732,19.578683035714285
2026-01-30 11:30:00+05:30,25257.55078125,25261.75,25232.0,0,25245.849609375,25217.6484375,1,0,Fail,0.1117061707621341,25255.21953125,25283.1349609375,35.04636173516819,19.571568080357142
2026-01-30 11:35:00+05:30,25245.30078125,25274.94921875,25242.94921875,0,25274.05078125,25272.44921875,0,0,Success,-0.006336785954343921,25258.93984375,25282.66748046875,48.014758242956994,20.967912946428573
2026-01-30 11:40:00+05:30,25273.94921875,25280.349609375,25269.650390625,0,25272.44921875,25261.69921875,0,0,Success,-0.042536439214701904,25262.959765625,25281.8599609375,42.39673924908333,19.839285714285715
2026-01-30 11:45:00+05:30,25271.849609375,25275.400390625,25256.30078125,0,25261.69921875,25235.998046875,1,0,Fail,0.10173967971213833,25262.599609375,25280.81240234375,34.84099888463584,19.774972098214285
2026-01-30 11:50:00+05:30,25261.05078125,25294.0,25259.650390625,0,25287.400390625,25261.400390625,0,0,Success,-0.10281800263517475,25268.28984375,25279.4673828125,45.26761905472128,21.107142857142858
2026-01-30 11:55:00+05:30,25287.69921875,25293.349609375,25257.650390625,0,25261.400390625,25258.349609375,0,0,Success,-0.012076849275276934,25271.4,25277.369921875,39.76293576454634,22.557059151785715
2026-01-30 12:00:00+05:30,25262.0,25265.349609375,25248.849609375,0,25258.349609375,25248.099609375,1,0,Fail,0.040580640297240816,25268.259765625,25276.32236328125,39.26284670294228,22.732142857142858
2026-01-30 12:05:00+05:30,25258.150390625,25271.0,25253.80078125,0,25268.599609375,25242.5,1,0,Fail,0.10328870526452397,25267.48984375,25275.77236328125,40.91280491810404,23.149972098214285
2026-01-30 12:10:00+05:30,25269.099609375,25294.849609375,25268.25,0,25294.69921875,25274.599609375,0,0,Success,-0.07946174493389874,25274.08984375,25275.90478515625,48.62146466112393,24.317801339285715
2026-01-30 12:15:00+05:30,25293.650390625,25301.80078125,25270.599609375,0,25274.599609375,25242.25,1,0,Fail,0.12799256912066254,25271.5296875,25274.572265625,53.00567644260785,23.785714285714285
2026-01-30 12:20:00+05:30,25275.25,25311.94921875,25275.25,0,25306.94921875,25294.05078125,0,0,Success,-0.050967966895209584,25280.639453125,25274.81474609375,61.92108066948927,25.007114955357142
2026-01-30 12:25:00+05:30,25306.75,25316.599609375,25288.94921875,0,25294.05078125,25292.751953125,1,0,Fail,0.00513491546384811,25287.7796875,25274.6373046875,59.23398288877449,26.010602678571427
2026-01-30 12:30:00+05:30,25293.80078125,25309.099609375,25291.19921875,0,25295.349609375,25290.6484375,1,0,Fail,0.01858512314555101,25293.1296875,25274.56474609375,57.374261722642494,25.874860491071427
2026-01-30 12:35:00+05:30,25296.44921875,25304.80078125,25281.44921875,0,25300.05078125,25293.55078125,0,0,Success,-0.02569164803739123,25294.2,25274.46474609375,59.50977907283123,25.667829241071427
2026-01-30 12:40:00+05:30,25299.900390625,25309.849609375,25288.80078125,0,25293.55078125,25293.0,0,0,Success,-0.002177556068593943,25297.990234375,25274.11982421875,61.38442171817428,25.046316964285715
2026-01-30 12:45:00+05:30,25293.69921875,25300.849609375,25290.150390625,0,25293.0,25287.80078125,1,0,Fail,0.0205559591586605,25295.200390625,25275.61484375,55.210078575874704,23.524832589285715
2026-01-30 12:50:00+05:30,25293.099609375,25299.69921875,25285.19921875,0,25298.19921875,25293.748046875,1,0,Fail,0.01759481707180554,25296.030078125,25277.75234375,56.94260132615433,23.796316964285715
2026-01-30 12:55:00+05:30,25298.30078125,25303.30078125,25288.30078125,0,25302.650390625,25276.94921875,0,0,Success,-0.10157501873607146,25297.490234375,25280.2673828125,61.429272233270645,23.503487723214285
2026-01-30 13:00:00+05:30,25303.75,25306.150390625,25274.650390625,0,25276.94921875,25243.75,0,0,Success,-0.13134187382618706,25292.869921875,25280.93984375,47.08312888116742,23.299944196428573
2026-01-30 13:05:00+05:30,25276.599609375,25277.599609375,25243.25,0,25243.75,25240.44921875,1,0,Fail,0.01307563753404308,25282.909765625,25280.1798828125,45.26417286010485,23.203543526785715
2026-01-30 13:10:00+05:30,25243.900390625,25260.25,25238.5,0,25247.05078125,25232.599609375,0,0,Success,-0.0572390494248632,25273.719921875,25280.23994140625,46.97244053876444,23.578543526785715
2026-01-30 13:15:00+05:30,25247.400390625,25247.5,25213.80078125,0,25232.599609375,25229.80078125,0,0,Success,-0.011092111666370334,25260.6,25278.1673828125,40.566076334243256,24.757114955357142
2026-01-30 13:20:00+05:30,25232.55078125,25238.0,25227.0,0,25229.80078125,25229.1015625,1,0,Fail,0.0027714002027302473,25246.030078125,25276.0349609375,30.627332063953276,23.642857142857142
2026-01-30 13:25:00+05:30,25229.94921875,25239.94921875,25228.599609375,0,25230.5,25206.69921875,1,0,Fail,0.09433337131646222,25236.740234375,25274.475,35.11150378471004,22.224888392857142
2026-01-30 13:30:00+05:30,25230.5,25254.650390625,25229.55078125,0,25254.30078125,25238.751953125,1,0,Fail,0.0615690303987517,25238.850390625,25272.82001953125,31.136459031044637,21.349888392857142
2026-01-30 13:35:00+05:30,25254.900390625,25270.05078125,25251.900390625,0,25269.849609375,25238.5,1,0,Fail,0.12405934289125899,25243.41015625,25273.24248046875,41.49051598096282,20.671316964285715
2026-01-30 13:40:00+05:30,25270.19921875,25306.5,25269.80078125,0,25301.19921875,25299.19921875,0,0,Success,-0.007904763654514277,25257.130078125,25275.3849609375,51.697980523332795,22.014090401785715
2026-01-30 13:45:00+05:30,25302.05078125,25313.099609375,25284.900390625,0,25299.19921875,25268.798828125,1,0,Fail,0.12016345008449655,25271.009765625,25276.91494140625,49.74887681642669,22.3603515625
2026-01-30 13:50:00+05:30,25297.44921875,25338.900390625,25295.650390625,0,25329.599609375,25316.548828125,1,0,Fail,0.051523835557075445,25290.8296875,25278.6599609375,59.31729376708166,23.946149553571427
2026-01-30 13:55:00+05:30,25331.150390625,25344.30078125,25322.75,0,25342.650390625,25338.80078125,0,0,Success,-0.015190239835467583,25308.499609375,25282.0625,62.05392278160569,24.721261160714285
2026-01-30 14:00:00+05:30,25343.80078125,25352.30078125,25331.69921875,0,25338.80078125,25311.951171875,1,0,Fail,0.10596243131943306,25322.28984375,25283.655078125,59.92210465944465,25.157087053571427
2026-01-30 14:05:00+05:30,25338.94921875,25365.650390625,25338.55078125,0,25365.650390625,25352.44921875,0,0,Success,-0.05204349847807994,25335.180078125,25287.23505859375,63.876651942983564,26.021344866071427
2026-01-30 14:10:00+05:30,25366.650390625,25370.599609375,25344.099609375,0,25352.44921875,25353.150390625004,1,1,Success,0.0027656967930397504,25345.830078125,25290.0900390625,67.599067554947,25.664202008928573
2026-01-30 14:15:00+05:30,25353.5,25356.44921875,25344.099609375,0,25353.150390625,25346.75,0,0,Success,-0.025244951914799172,25350.540234375,25292.74501953125,80.05472977691342,24.0927734375
2026-01-30 14:20:00+05:30,25352.599609375,25356.349609375,25336.5,0,25346.75,25336.099609375,0,0,Success,-0.04201876226735183,25351.36015625,25295.40498046875,76.93095001145474,23.95703125
2026-01-30 14:25:00+05:30,25348.150390625,25348.30078125,25326.349609375,0,25336.099609375,25322.5,0,0,Success,-0.05367680734081026,25350.819921875,25297.5599609375,78.54372691239509,23.117885044642858
2026-01-30 14:30:00+05:30,25335.44921875,25341.5,25320.55078125,0,25322.5,25300.150390625,1,0,Fail,0.08825988498371014,25342.18984375,25298.775,74.12765865515607,23.828543526785715
2026-01-30 14:35:00+05:30,25322.05078125,25348.650390625,25320.05078125,0,25344.849609375,25311.599609375,0,0,Success,-0.13119036219374883,25340.669921875,25300.8849609375,76.74820217741696,25.060686383928573
2026-01-30 14:40:00+05:30,25344.80078125,25350.30078125,25303.94921875,0,25311.599609375,25274.8984375,1,0,Fail,0.14499744165282422,25332.359765625,25302.61748046875,62.83569155746845,26.578683035714285
2026-01-30 14:45:00+05:30,25310.150390625,25351.94921875,25302.19921875,0,25348.30078125,25352.449218749996,1,1,Success,0.016365741971424676,25332.669921875,25307.84501953125,66.05280191884944,28.835797991071427
2026-01-30 14:50:00+05:30,25347.30078125,25357.80078125,25343.150390625,0,25352.44921875,25352.44921875,0,0,Success,0.0,25335.93984375,25313.11494140625,61.800471259467734,27.260881696428573
2026-01-30 14:55:00+05:30,25351.650390625,25368.80078125,25340.349609375,0,25352.44921875,25314.05078125,0,0,Success,-0.15145849290017127,25341.9296875,25319.107421875,62.374952300595176,27.278878348214285
2026-01-30 15:00:00+05:30,25352.44921875,25354.19921875,25293.30078125,0,25314.05078125,25307.201171875,1,0,Fail,0.02705852743281006,25335.769921875,25323.319921875,46.51606519448704,28.539481026785715
2026-01-30 15:05:00+05:30,25314.349609375,25324.5,25306.5,0,25320.900390625,25319.69921875,0,0,Success,-0.004743796059656436,25337.630078125,25327.83994140625,44.98730618822188,28.285853794642858
2026-01-30 15:10:00+05:30,25322.0,25333.849609375,25318.19921875,0,25319.69921875,25314.94921875,1,0,Fail,0.018760096472561893,25331.909765625,25331.10986328125,45.54328208322357,27.932198660714285
2026-01-30 15:15:00+05:30,25321.0,25343.900390625,25316.44921875,0,25324.44921875,25313.25,0,0,Success,-0.04422295092486433,25326.309765625,25333.83984375,39.28175838288214,27.957310267857142
2026-01-30 15:20:00+05:30,25325.150390625,25327.25,25311.05078125,0,25313.25,25310.69921875,1,0,Fail,0.010076861920140638,25318.469921875,25334.4423828125,39.69522085349086,27.221540178571427
2026-01-30 15:25:00+05:30,25313.849609375,25337.650390625,25309.599609375,0,25315.80078125,24821.8515625,1,0,Fail,1.9511498886333496,25318.819921875,25335.2724609375,40.27601213388741,28.343052455357142
2026-02-03 09:15:00+05:30,26264.900390625,26290.19921875,25776.099609375,0,25809.75,25808.94921875,0,0,Success,-0.0031026307887523125,25416.58984375,25359.27998046875,84.06427284633679,96.52511160714286
2026-02-03 09:20:00+05:30,25811.099609375,25869.0,25807.75,0,25808.94921875,25786.25,0,0,Success,-0.08795096056645807,25514.43984375,25382.594921875,85.30055901935387,99.33217075892857
2026-02-03 09:25:00+05:30,25813.19921875,25823.099609375,25766.400390625,0,25786.25,25755.150390625,0,0,Success,-0.12060539774104416,25606.8,25404.9673828125,84.15714818300663,101.8857421875
2026-02-03 09:30:00+05:30,25785.30078125,25795.25,25755.0,0,25755.150390625,25737.650390625,1,0,Fail,0.06794757450288501,25695.180078125,25424.4423828125,79.83581875948691,102.71791294642857
2026-02-03 09:35:00+05:30,25756.30078125,25782.05078125,25746.94921875,0,25772.650390625,25727.30078125,0,0,Success,-0.17596020854532007,25786.55,25445.45244140625,84.31215222118489,101.91434151785714
2026-02-03 09:40:00+05:30,25771.650390625,25777.5,25720.599609375,0,25727.30078125,25678.201171875,1,0,Fail,0.19084633010076085,25770.06015625,25464.1599609375,77.84733103267924,102.42508370535714
2026-02-03 09:45:00+05:30,25726.30078125,25777.5,25676.69921875,0,25776.400390625,25732.150390625,0,0,Success,-0.17166865555088884,25763.550390625,25485.64248046875,79.2199855001131,108.57868303571429
2026-02-03 09:50:00+05:30,25775.849609375,25793.099609375,25732.150390625,0,25732.150390625,25702.599609375,0,0,Success,-0.11483992127127565,25752.73046875,25505.44501953125,74.66561780998506,110.89997209821429
2026-02-03 09:55:00+05:30,25733.400390625,25748.150390625,25696.900390625,0,25702.599609375,25701.30078125,0,0,Success,-0.005053294782393349,25742.2203125,25524.45,75.53387838581389,110.21079799107143
2026-02-03 10:00:00+05:30,25703.55078125,25729.150390625,25701.30078125,0,25701.30078125,25685.349609375,0,0,Success,-0.062063675339875946,25727.950390625,25542.27255859375,75.18211178473686,110.91434151785714
2026-02-03 10:05:00+05:30,25701.599609375,25702.69921875,25642.349609375,0,25685.349609375,25671.0,0,0,Success,-0.05586690309156812,25719.56015625,25560.96005859375,73.74202628869966,114.10714285714286
2026-02-03 10:10:00+05:30,25685.25,25685.25,25645.19921875,0,25671.0,25588.650390625,1,0,Fail,0.3207884748354174,25698.480078125,25577.09501953125,72.22481084929838,115.01422991071429
2026-02-03 10:15:00+05:30,25672.349609375,25761.44921875,25672.349609375,0,25753.349609375,25725.44921875,1,0,Fail,0.10833693887665552,25702.719921875,25597.1400390625,75.86390546238042,120.31780133928571
2026-02-03 10:20:00+05:30,25753.5,25786.55078125,25753.30078125,0,25781.25,25771.150390625,0,0,Success,-0.039174242424242424,25718.45,25618.580078125,76.56223526824618,120.68917410714286
2026-02-03 10:25:00+05:30,25782.05078125,25794.69921875,25771.0,0,25771.150390625,25732.0,1,0,Fail,0.1519155723806652,25732.419921875,25641.43505859375,45.080330766508716,52.78208705357143
2026-02-03 10:30:00+05:30,25771.55078125,25818.5,25763.69921875,0,25810.30078125,25806.6015625,1,0,Fail,0.014332334912917067,25757.41015625,25665.905078125,50.156921776775356,52.32142857142857
2026-02-03 10:35:00+05:30,25810.55078125,25821.650390625,25805.599609375,0,25814.0,25798.30078125,0,0,Success,-0.06081668377624545,25786.01015625,25690.6201171875,53.37059458054694,49.41796875
2026-02-03 10:40:00+05:30,25813.849609375,25819.19921875,25795.94921875,0,25798.30078125,25763.69921875,0,0,Success,-0.13412341686142423,25795.000390625,25714.3126953125,55.44487106120254,48.203683035714285
2026-02-03 10:45:00+05:30,25798.30078125,25804.400390625,25756.05078125,0,25763.69921875,25761.09765625,1,0,Fail,0.010097783233343547,25791.490234375,25736.83515625,48.917239570456736,49.149972098214285
2026-02-03 10:50:00+05:30,25764.30078125,25767.400390625,25746.69921875,0,25766.30078125,25752.501953125,1,0,Fail,0.05355378035112179,25790.5203125,25759.36015625,55.261715517627806,46.56431361607143
2026-02-03 10:55:00+05:30,25765.5,25798.19921875,25764.849609375,0,25780.099609375,25766.19921875,1,0,Fail,0.053919072601042575,25784.480078125,25757.87763671875,50.551626899684635,41.746372767857146
2026-02-03 11:00:00+05:30,25780.69921875,25810.5,25778.80078125,0,25794.0,25778.0,0,0,Success,-0.062029929440955256,25780.480078125,25757.13017578125,60.14090367751688,39.65708705357143
2026-02-03 11:05:00+05:30,25794.44921875,25803.400390625,25775.900390625,0,25778.0,25771.80078125,1,0,Fail,0.02404848611218869,25776.419921875,25756.71767578125,62.9375925487016,37.960658482142854
2026-02-03 11:10:00+05:30,25778.099609375,25789.0,25765.5,0,25784.19921875,25776.849609375,0,0,Success,-0.028504315036688984,25780.519921875,25758.1701171875,63.98889955185211,37.649972098214285
2026-02-03 11:15:00+05:30,25785.150390625,25794.75,25773.900390625,0,25776.849609375,25755.0,1,0,Fail,0.08476446775347338,25782.6296875,25758.380078125,65.9020243803624,34.828543526785715
2026-02-03 11:20:00+05:30,25777.30078125,25801.69921875,25774.55078125,0,25798.69921875,25781.6484375,1,0,Fail,0.06609163161841826,25786.349609375,25761.95,71.6293286767782,33.899832589285715
2026-02-03 11:25:00+05:30,25799.69921875,25824.05078125,25798.80078125,0,25815.75,25773.099609375,1,0,Fail,0.1652107361784957,25790.699609375,25763.91748046875,63.57117973513681,29.25
2026-02-03 11:30:00+05:30,25815.900390625,25859.849609375,25805.75,0,25858.400390625,25847.05078125,0,0,Success,-0.043891382311161124,25806.7796875,25770.22998046875,65.76747746933034,30.7392578125
2026-02-03 11:35:00+05:30,25857.849609375,25863.150390625,25834.150390625,0,25847.05078125,25842.55078125,1,0,Fail,0.017410110105344767,25819.35,25777.4525390625,65.43315776133431,31.117885044642858
2026-02-03 11:40:00+05:30,25847.900390625,25861.150390625,25846.44921875,0,25851.55078125,25833.25,0,0,Success,-0.07079181208453253,25834.290234375,25784.9650390625,59.763313569861005,28.253627232142858
2026-02-03 11:45:00+05:30,25851.19921875,25855.900390625,25830.650390625,0,25833.25,25831.25,1,0,Fail,0.007741960457936961,25841.200390625,25792.36005859375,54.26164858790104,28.910714285714285
2026-02-03 11:50:00+05:30,25833.55078125,25841.05078125,25826.150390625,0,25835.25,25822.650390625,1,0,Fail,0.04876906310176987,25845.100390625,25800.57255859375,58.70818062447568,28.314313616071427
2026-02-03 11:55:00+05:30,25835.599609375,25850.25,25832.25,0,25847.849609375,25820.05078125,0,0,Success,-0.10754793356162742,25842.990234375,25805.29755859375,72.1273251520683,26.146484375
2026-02-03 12:00:00+05:30,25849.19921875,25851.849609375,25818.75,0,25820.05078125,25811.8515625,1,0,Fail,0.03175523866883371,25837.590234375,25807.23759765625,62.479820017789606,27.032087053571427
2026-02-03 12:05:00+05:30,25820.099609375,25834.349609375,25813.25,0,25828.25,25819.94921875,1,0,Fail,0.032138380455508986,25832.930078125,25810.092578125,61.47814989704208,26.157087053571427
2026-02-03 12:10:00+05:30,25828.25,25843.349609375,25827.94921875,0,25836.55078125,25829.30078125,0,0,Success,-0.02806102123067233,25833.590234375,25811.405078125,60.42152994210884,24.992885044642858
2026-02-03 12:15:00+05:30,25837.349609375,25838.599609375,25822.94921875,0,25829.30078125,25812.150390625,0,0,Success,-0.06639897367043636,25832.400390625,25812.1701171875,63.127223976200874,24.146484375
2026-02-03 12:20:00+05:30,25830.400390625,25835.44921875,25812.150390625,0,25812.150390625,25786.55078125,0,0,Success,-0.0991765853971539,25825.260546875,25812.86259765625,56.77277068774103,24.132114955357142
2026-02-03 12:25:00+05:30,25811.599609375,25812.44921875,25780.849609375,0,25786.55078125,25778.05078125,1,0,Fail,0.032962919593653245,25818.560546875,25814.00517578125,52.15965908310097,24.899972098214285
2026-02-03 12:30:00+05:30,25786.25,25812.099609375,25781.69921875,0,25795.05078125,25789.900390625,0,0,Success,-0.01996658455405614,25811.920703125,25815.44267578125,49.136464464477605,25.132254464285715
2026-02-03 12:35:00+05:30,25796.5,25797.05078125,25767.55078125,0,25789.900390625,25783.75,1,0,Fail,0.023848058859644743,25802.590625,25815.93271484375,43.51651363203323,25.428571428571427
2026-02-03 12:40:00+05:30,25792.44921875,25801.75,25788.5,0,25796.05078125,25784.099609375,0,0,Success,-0.04632946328236714,25795.940625,25816.03525390625,30.856690507060435,22.5107421875
2026-02-03 12:45:00+05:30,25796.44921875,25797.69921875,25783.5,0,25784.099609375,25777.3984375,1,0,Fail,0.02598955160940923,25790.33046875,25816.340234375,30.743126146191543,21.453543526785715
2026-02-03 12:50:00+05:30,25784.30078125,25797.849609375,25780.099609375,0,25790.80078125,25786.001953125,1,0,Fail,0.018606743410963664,25791.18046875,25816.6703125,31.66340459983455,21.671316964285715
2026-02-03 12:55:00+05:30,25791.44921875,25805.5,25785.650390625,0,25795.599609375,25789.849609375,1,0,Fail,0.022290623544607407,25791.290234375,25817.6078125,37.62724480177249,21.285574776785715
2026-02-03 13:00:00+05:30,25795.44921875,25808.599609375,25792.099609375,0,25801.349609375,25791.150390625,0,0,Success,-0.0395297877995269,25793.580078125,25817.74033203125,39.12754785326339,21.399832589285715
2026-02-03 13:05:00+05:30,25801.05078125,25811.5,25790.150390625,0,25791.150390625,25790.30078125,0,0,Success,-0.0032941895267643057,25792.6,25816.5103515625,31.531199075476437,21.639090401785715
2026-02-03 13:10:00+05:30,25791.30078125,25795.650390625,25786.400390625,0,25790.30078125,25782.001953125,1,0,Fail,0.03217809747699179,25793.840234375,25813.10537109375,38.24582518842084,19.935546875
2026-02-03 13:15:00+05:30,25791.30078125,25800.44921875,25790.150390625,0,25798.599609375,25793.05078125,0,0,Success,-0.021508253195974256,25795.4,25810.6828125,38.294394282597864,19.1640625
2026-02-03 13:20:00+05:30,25797.75,25800.150390625,25786.94921875,0,25793.05078125,25771.05078125,0,0,Success,-0.08529429180976404,25794.890234375,25807.7578125,32.44529916253107,19.006975446428573
2026-02-03 13:25:00+05:30,25793.0,25795.05078125,25744.0,0,25771.05078125,25759.30078125,0,0,Success,-0.045593794757289585,25788.83046875,25804.6478515625,28.993632697381756,21.535574776785715
2026-02-03 13:30:00+05:30,25771.69921875,25779.69921875,25758.400390625,0,25759.30078125,25745.1015625,1,0,Fail,0.05512268702703104,25782.460546875,25800.850390625,30.168711399931198,21.392717633928573
2026-02-03 13:35:00+05:30,25758.650390625,25777.349609375,25729.400390625,0,25773.5,25746.19921875,1,0,Fail,0.10592578132578036,25779.100390625,25797.13291015625,44.64463175712296,22.560546875
2026-02-03 13:40:00+05:30,25773.0,25811.44921875,25770.5,0,25800.80078125,25796.099609375,0,0,Success,-0.018221030869772243,25779.540625,25796.17041015625,52.0441037086802,23.314034598214285
2026-02-03 13:45:00+05:30,25802.05078125,25811.849609375,25795.05078125,0,25796.099609375,25785.5,1,0,Fail,0.0410899691639732,25780.150390625,25794.562890625,52.21086060931049,22.406808035714285
2026-02-03 13:50:00+05:30,25795.599609375,25806.900390625,25787.400390625,0,25806.69921875,25770.349609375,0,0,Success,-0.14085338487841167,25787.280078125,25793.0703125,53.680799299921155,22.853236607142858
2026-02-03 13:55:00+05:30,25806.0,25810.349609375,25770.150390625,0,25770.349609375,25764.25,1,0,Fail,0.023669098275566357,25789.48984375,25790.12275390625,45.933080653335765,24.710379464285715
2026-02-03 14:00:00+05:30,25770.849609375,25777.849609375,25755.599609375,0,25776.44921875,25767.298828125,1,0,Fail,0.03549903459295678,25790.0796875,25788.3376953125,45.739993468778785,25.031808035714285
2026-02-03 14:05:00+05:30,25775.94921875,25785.80078125,25765.75,0,25785.599609375,25775.150390625,0,0,Success,-0.040523466230356436,25787.039453125,25788.29013671875,47.10642911456066,25.046177455357142
2026-02-03 14:10:00+05:30,25785.0,25786.69921875,25765.69921875,0,25775.150390625,25764.0,0,0,Success,-0.04326023497832101,25782.849609375,25787.2951171875,42.619775929763136,25.367606026785715
2026-02-03 14:15:00+05:30,25774.400390625,25781.55078125,25763.400390625,0,25764.0,25755.150390625,1,0,Fail,0.03434874000543394,25774.309765625,25786.00009765625,42.39260107219721,25.139090401785715
2026-02-03 14:20:00+05:30,25763.400390625,25778.69921875,25763.0,0,25772.849609375,25768.900390625,0,0,Success,-0.015323174619245256,25774.809765625,25784.8400390625,45.32007832257631,25.599748883928573
2026-02-03 14:25:00+05:30,25772.5,25773.44921875,25766.25,0,25768.900390625,25762.80078125,0,0,Success,-0.023670429403418014,25773.3,25784.080078125,41.84524955488912,25.378348214285715
2026-02-03 14:30:00+05:30,25769.05078125,25788.099609375,25740.30078125,0,25762.80078125,25759.1015625,1,0,Fail,0.014358760064209585,25768.740234375,25782.680078125,41.71906408539264,27.849609375
2026-02-03 14:35:00+05:30,25763.400390625,25776.5,25763.25,0,25766.5,25746.599609375,0,0,Success,-0.07723358090932024,25767.01015625,25781.22509765625,48.61550158670931,25.181640625
2026-02-03 14:40:00+05:30,25766.44921875,25766.5,25741.349609375,0,25746.599609375,25731.19921875,1,0,Fail,0.05981524107514501,25763.530078125,25778.48759765625,46.31845918409281,25.456752232142858
2026-02-03 14:45:00+05:30,25746.19921875,25767.650390625,25740.19921875,0,25762.0,25760.0,1,0,Fail,0.0077633724089744595,25761.36015625,25777.030078125,46.689679949774934,23.992606026785715
2026-02-03 14:50:00+05:30,25761.55078125,25770.0,25749.30078125,0,25764.0,25749.94921875,1,0,Fail,0.054536489869585474,25760.380078125,25775.7150390625,37.6006843551564,22.546177455357142
2026-02-03 14:55:00+05:30,25763.55078125,25790.349609375,25760.849609375,0,25778.05078125,25719.650390625,0,0,Success,-0.22655084017243957,25763.430078125,25774.68759765625,44.27922291066977,23.453404017857142
2026-02-03 15:00:00+05:30,25778.75,25780.44921875,25714.44921875,0,25719.650390625,25716.849609375,0,0,Success,-0.0108896552148349,25754.06015625,25771.017578125,28.825267699221826,26.774832589285715
2026-02-03 15:05:00+05:30,25719.900390625,25737.5,25696.849609375,0,25716.849609375,25715.849609375,1,0,Fail,0.0038885011779804203,25748.11015625,25768.30751953125,34.44767439056584,26.807059151785715
2026-02-03 15:10:00+05:30,25717.150390625,25739.25,25699.80078125,0,25717.849609375,25694.3984375,1,0,Fail,0.09118636367813301,25739.280078125,25766.2349609375,32.44473567545154,28.035574776785715
2026-02-03 15:15:00+05:30,25721.900390625,25749.44921875,25706.05078125,0,25741.30078125,25730.44921875,0,0,Success,-0.042156232088722934,25734.740234375,25764.625,37.776340579813436,29.703264508928573
2026-02-03 15:20:00+05:30,25741.599609375,25741.599609375,25726.75,0,25730.44921875,25714.80078125,0,0,Success,-0.0608168064496785,25725.219921875,25761.107421875,37.692646855789796,29.263950892857142
2026-02-03 15:25:00+05:30,25731.150390625,25732.19921875,25708.5,0,25714.80078125,25710.69921875,0,0,Success,-0.015950201344708308,25724.25,25757.04248046875,36.781621230883395,29.660295758928573
2026-02-04 09:15:00+05:30,25659.900390625,25742.0,25572.30078125,0,25710.69921875,25667.248046875,1,0,Fail,0.16900035080847756,25723.019921875,25752.24248046875,32.86485086797677,40.66029575892857
2026-02-04 09:20:00+05:30,25712.55078125,25761.150390625,25708.349609375,0,25754.150390625,25752.650390625,0,0,Success,-0.005824303955862697,25730.280078125,25751.43251953125,46.660712045272824,43.917550223214285
2026-02-04 09:25:00+05:30,25754.80078125,25787.80078125,25749.650390625,0,25752.650390625,25743.05078125,1,0,Fail,0.03727619965087028,25732.55,25750.242578125,47.65315243069843,43.22837611607143
2026-02-04 09:30:00+05:30,25752.650390625,25789.55078125,25752.650390625,0,25762.25,25729.75,0,0,Success,-0.12615357742433211,25738.91015625,25749.07509765625,49.043465998070786,44.88560267857143
2026-02-04 09:35:00+05:30,25761.94921875,25764.19921875,25728.19921875,0,25729.75,25670.849609375,1,0,Fail,0.22891940506611996,25741.9,25746.805078125,46.411248360358094,45.660574776785715
2026-02-04 09:40:00+05:30,25729.69921875,25791.05078125,25729.69921875,0,25788.650390625,25786.44921875,0,0,Success,-0.008535428731858712,25757.490234375,25748.03759765625,54.78882826249402,48.08203125
2026-02-04 09:45:00+05:30,25788.05078125,25794.05078125,25779.900390625,0,25786.44921875,25762.650390625,0,0,Success,-0.09229199384184796,25763.95,25748.717578125,54.03100228748725,47.6142578125
2026-02-04 09:50:00+05:30,25786.25,25786.94921875,25748.099609375,0,25762.650390625,25743.80078125,1,0,Fail,0.07316642150242178,25765.95,25748.405078125,47.328223559121405,48.28208705357143
2026-02-04 09:55:00+05:30,25763.099609375,25782.05078125,25756.19921875,0,25781.5,25776.150390625,0,0,Success,-0.020749798789829917,25769.8,25749.3400390625,62.43686716406694,45.414341517857146
2026-02-04 10:00:00+05:30,25779.55078125,25785.349609375,25772.30078125,0,25776.150390625,25756.30078125,1,0,Fail,0.07700765659025433,25779.080078125,25749.82255859375,61.80335258109361,43.442801339285715
2026-02-04 10:05:00+05:30,25775.69921875,25800.05078125,25771.30078125,0,25796.0,25809.699218750004,0,1,Fail,-0.05310598057838425,25780.55,25752.292578125,64.46946845869823,42.67857142857143
2026-02-04 10:10:00+05:30,25795.849609375,25801.80078125,25774.900390625,0,25782.30078125,25757.349609375,0,0,Success,-0.09677635866053338,25779.7203125,25753.3076171875,57.875504568419075,41.50013950892857
2026-02-04 10:15:00+05:30,25782.55078125,25787.05078125,25757.349609375,0,25757.349609375,25744.80078125,0,0,Success,-0.048719407529540834,25778.66015625,25752.97509765625,54.90166767073554,42.560965401785715
2026-02-04 10:20:00+05:30,25757.25,25769.599609375,25737.55078125,0,25744.80078125,25743.30078125,0,0,Success,-0.005826419138937186,25771.3203125,25751.31259765625,55.52891880854453,43.15736607142857
2026-02-04 10:25:00+05:30,25744.80078125,25753.80078125,25735.94921875,0,25743.30078125,25726.5,0,0,Success,-0.06526273142967262,25764.750390625,25752.4951171875,56.06655324393525,32.311104910714285
2026-02-04 10:30:00+05:30,25744.150390625,25750.349609375,25723.55078125,0,25726.5,25725.55078125,1,0,Fail,0.003689653664509358,25750.850390625,25752.97763671875,44.28826180172048,30.453822544642858
2026-02-04 10:35:00+05:30,25726.19921875,25732.19921875,25709.55078125,0,25727.44921875,25714.548828125,1,0,Fail,0.05014251710425407,25739.880078125,25753.4576171875,44.78232384764695,29.346540178571427
2026-02-04 10:40:00+05:30,25727.099609375,25743.75,25724.0,0,25740.349609375,25727.849609375,1,0,Fail,0.048561888978568196,25736.480078125,25753.41005859375,45.52685956051792,28.121512276785715
2026-02-04 10:45:00+05:30,25739.0,25755.900390625,25729.599609375,0,25752.849609375,25743.30078125,0,0,Success,-0.0370787243735694,25738.08984375,25754.530078125,55.13784022214063,27.4287109375
2026-02-04 10:50:00+05:30,25751.849609375,25756.900390625,25739.05078125,0,25743.30078125,25740.40234375,1,0,Fail,0.01125899714504001,25738.08984375,25755.955078125,37.07599992588577,24.321428571428573
2026-02-04 10:55:00+05:30,25742.400390625,25750.400390625,25734.94921875,0,25746.19921875,25743.34765625,1,0,Fail,0.01107566392915702,25742.0296875,25757.730078125,38.57472331886284,24.414341517857142
2026-02-04 11:00:00+05:30,25745.900390625,25760.150390625,25737.30078125,0,25749.05078125,25737.150390625,0,0,Success,-0.04621681290739328,25746.35,25757.47509765625,45.61860531241815,23.271484375
2026-02-04 11:05:00+05:30,25748.80078125,25759.0,25736.69921875,0,25737.150390625,25723.94921875,0,0,Success,-0.05129228245800146,25745.71015625,25756.70009765625,35.042093164804854,23.017857142857142
2026-02-04 11:10:00+05:30,25737.400390625,25738.0,25714.150390625,0,25723.94921875,25708.94921875,0,0,Success,-0.058311419729699235,25739.930078125,25754.78505859375,33.27953151926883,23.789341517857142
2026-02-04 11:15:00+05:30,25724.0,25726.80078125,25704.900390625,0,25708.94921875,25698.05078125,0,0,Success,-0.0423916100470243,25733.059765625,25753.74501953125,21.222882211760634,23.300083705357142
2026-02-04 11:20:00+05:30,25709.099609375,25723.25,25695.400390625,0,25698.05078125,25696.751953125,1,0,Fail,0.005054189269279756,25723.430078125,25749.2150390625,21.623292877536542,23.367885044642858
2026-02-04 11:25:00+05:30,25696.900390625,25704.650390625,25685.94921875,0,25699.349609375,25693.548828125,1,0,Fail,0.0225717044912448,25713.48984375,25744.86005859375,26.762238607763905,22.582170758928573
2026-02-04 11:30:00+05:30,25698.150390625,25711.5,25691.25,0,25705.150390625,25703.44921875,0,0,Success,-0.006618019537518206,25707.08984375,25741.98505859375,33.20593632831685,21.739397321428573
2026-02-04 11:35:00+05:30,25705.849609375,25709.099609375,25698.099609375,0,25703.44921875,25689.548828125,1,0,Fail,0.05407986495003179,25702.98984375,25738.08251953125,33.149444992465774,21.25
2026-02-04 11:40:00+05:30,25703.19921875,25723.900390625,25702.599609375,0,25717.349609375,25714.19921875,0,0,Success,-0.01225005948455729,25704.669921875,25735.14248046875,46.03362733368851,20.857282366071427
2026-02-04 11:45:00+05:30,25717.05078125,25725.599609375,25703.849609375,0,25714.19921875,25706.498046875,1,0,Fail,0.029949102476364668,25707.899609375,25731.05244140625,44.364137786528076,20.793108258928573
2026-02-04 11:50:00+05:30,25713.75,25723.150390625,25695.650390625,0,25721.900390625,25716.3515625,1,0,Fail,0.02157238789021363,25712.409765625,25728.032421875,41.78951388993338,21.3466796875
2026-02-04 11:55:00+05:30,25721.349609375,25729.55078125,25717.900390625,0,25727.44921875,25717.55078125,0,0,Success,-0.038474228112696386,25716.86953125,25726.53740234375,37.95052343703709,20.300223214285715
2026-02-04 12:00:00+05:30,25726.900390625,25734.849609375,25711.25,0,25717.55078125,25698.751953125,1,0,Fail,0.07309727230598388,25719.68984375,25725.17490234375,37.82505905157912,20.7109375
2026-02-04 12:05:00+05:30,25717.400390625,25737.900390625,25716.80078125,0,25736.349609375,25730.1484375,1,0,Fail,0.02409499392540539,25723.48984375,25724.82734375,45.95167370484361,21.114397321428573
2026-02-04 12:10:00+05:30,25736.19921875,25742.55078125,25731.650390625,0,25742.55078125,25734.150390625,0,0,Success,-0.032632316417992885,25729.16015625,25725.6298828125,47.399999946912,20.260881696428573
2026-02-04 12:15:00+05:30,25741.69921875,25750.30078125,25732.400390625,0,25734.150390625,25727.849609375,0,0,Success,-0.024484123836842838,25731.61015625,25725.96494140625,48.765432042574815,19.946568080357142
2026-02-04 12:20:00+05:30,25733.5,25738.30078125,25723.599609375,0,25727.849609375,25707.69921875,1,0,Fail,0.07832131690344372,25731.690234375,25725.33994140625,51.70174684778898,19.293108258928573
2026-02-04 12:25:00+05:30,25727.19921875,25756.30078125,25727.19921875,0,25748.0,25738.5,0,0,Success,-0.03689606959763865,25737.780078125,25725.0974609375,66.3051277930462,19.807477678571427
2026-02-04 12:30:00+05:30,25746.849609375,25747.69921875,25731.349609375,0,25738.5,25735.44921875,1,0,Fail,0.011852987742098413,25738.21015625,25724.857421875,67.0885866260329,19.007533482142858
2026-02-04 12:35:00+05:30,25738.0,25742.94921875,25727.19921875,0,25741.55078125,25738.69921875,0,0,Success,-0.011077663984708575,25738.01015625,25724.625,67.56866627350557,18.796735491071427
2026-02-04 12:40:00+05:30,25741.19921875,25762.94921875,25738.69921875,0,25738.69921875,25723.349609375,0,0,Success,-0.05963630579986028,25738.919921875,25724.107421875,64.31822341979677,19.082449776785715
2026-02-04 12:45:00+05:30,25738.599609375,25738.900390625,25722.19921875,0,25723.349609375,25720.400390625,0,0,Success,-0.0114651427391289,25738.019921875,25723.4173828125,57.60702387407577,19.489676339285715
2026-02-04 12:50:00+05:30,25723.900390625,25725.0,25712.44921875,0,25720.400390625,25705.150390625,0,0,Success,-0.059291456464101444,25732.5,25723.23994140625,51.27273313872581,18.864676339285715
2026-02-04 12:55:00+05:30,25720.099609375,25721.599609375,25701.25,0,25705.150390625,25693.201171875,1,0,Fail,0.04648569865733225,25725.830078125,25723.05,46.57114517180214,18.7646484375
2026-02-04 13:00:00+05:30,25704.55078125,25718.25,25702.650390625,0,25717.099609375,25700.298828125,1,0,Fail,0.06532922259971877,25720.93984375,25724.00244140625,48.23758850119496,17.914620535714285
2026-02-04 13:05:00+05:30,25717.19921875,25738.099609375,25715.599609375,0,25733.900390625,25731.05078125,1,0,Fail,0.011073367549204193,25719.980078125,25725.72998046875,52.18756204065429,18.689592633928573
2026-02-04 13:10:00+05:30,25734.150390625,25740.94921875,25728.80078125,0,25736.75,25734.69921875,0,0,Success,-0.007968299221929731,25722.66015625,25727.3099609375,56.837214421805484,17.871651785714285
2026-02-04 13:15:00+05:30,25735.900390625,25744.0,25727.849609375,0,25734.69921875,25718.798828125,1,0,Fail,0.061785803245041085,25725.519921875,25728.8724609375,49.3326593556228,17.518136160714285
2026-02-04 13:20:00+05:30,25736.94921875,25752.19921875,25734.599609375,0,25750.599609375,25743.94921875,1,0,Fail,0.025826158325955244,25734.609765625,25730.5349609375,53.01785368718134,17.996651785714285
2026-02-04 13:25:00+05:30,25750.55078125,25759.25,25748.75,0,25757.25,25749.349609375,1,0,Fail,0.03067249269623116,25742.63984375,25732.6875,58.77621281647528,17.468052455357142
2026-02-04 13:30:00+05:30,25757.94921875,25768.900390625,25757.05078125,0,25765.150390625,25759.400390625,1,0,Fail,0.02231696657238304,25748.88984375,25734.85,64.0014662083926,17.264369419642858
2026-02-04 13:35:00+05:30,25764.349609375,25772.5,25757.44921875,0,25770.900390625,25770.451171875,1,0,Fail,0.0017431240010667918,25755.719921875,25737.02255859375,59.63798963823876,16.2607421875
2026-02-04 13:40:00+05:30,25771.5,25772.69921875,25767.25,0,25771.349609375,25764.400390625,0,0,Success,-0.026964900384852334,25763.05,25739.7125,64.9653870649953,15.460658482142858
2026-02-04 13:45:00+05:30,25770.19921875,25772.55078125,25762.44921875,0,25764.400390625,25742.55078125,1,0,Fail,0.08480542548527739,25765.81015625,25741.1150390625,60.05258718478459,15.057198660714286
2026-02-04 13:50:00+05:30,25764.5,25787.099609375,25761.0,0,25786.25,25775.099609375,0,0,Success,-0.04324161374763682,25771.61015625,25743.3,67.92361144842505,15.189313616071429
2026-02-04 13:55:00+05:30,25786.75,25788.25,25772.599609375,0,25775.099609375,25766.19921875,0,0,Success,-0.034530965000665687,25773.6,25745.3474609375,70.14414735535182,15.1142578125
2026-02-04 14:00:00+05:30,25774.94921875,25775.80078125,25755.25,0,25766.19921875,25766.550781249996,1,1,Success,0.0013644329030265698,25772.659765625,25747.26494140625,67.03820492050487,15.685686383928571
2026-02-04 14:05:00+05:30,25765.599609375,25767.900390625,25757.099609375,0,25766.55078125,25742.201171875,1,0,Fail,0.09450084949949494,25771.7,25748.19248046875,75.69012003880906,15.003627232142858
2026-02-04 14:10:00+05:30,25766.75,25791.69921875,25765.25,0,25790.900390625,25775.6015625,1,0,Fail,0.05931870502109778,25777.0,25750.8125,77.97553816463875,15.778599330357142
2026-02-04 14:15:00+05:30,25789.94921875,25813.69921875,25789.94921875,0,25806.19921875,25801.0,0,0,Success,-0.020147169701078667,25780.98984375,25754.044921875,77.72186017267876,15.867885044642858
2026-02-04 14:20:00+05:30,25806.19921875,25818.30078125,25799.75,0,25801.0,25798.19921875,0,0,Success,-0.010855320530212008,25786.169921875,25757.1599609375,74.19962327391377,16.3251953125
2026-02-04 14:25:00+05:30,25801.25,25801.25,25788.349609375,0,25798.19921875,25797.19921875,1,0,Fail,0.003876239544941591,25792.569921875,25760.90244140625,73.78277145820533,16.093052455357142
2026-02-04 14:30:00+05:30,25797.75,25804.05078125,25793.150390625,0,25799.19921875,25786.8984375,1,0,Fail,0.04767892656551991,25799.099609375,25764.8423828125,70.48894150399936,15.614536830357142
2026-02-04 14:35:00+05:30,25799.400390625,25815.69921875,25795.849609375,0,25811.5,25809.349609375,0,0,Success,-0.008331133893807024,25803.21953125,25770.15986328125,71.83098583455664,16.282366071428573
2026-02-04 14:40:00+05:30,25811.44921875,25813.25,25803.900390625,0,25809.349609375,25795.05078125,0,0,Success,-0.055401737515330826,25803.849609375,25774.77236328125,68.6494593070808,16.103794642857142
2026-02-04 14:45:00+05:30,25809.69921875,25812.650390625,25782.25,0,25795.05078125,25794.451171875,1,0,Fail,0.0023245132567672484,25802.659765625,25777.8298828125,59.504373560465595,17.2001953125
2026-02-04 14:50:00+05:30,25795.25,25799.55078125,25791.5,0,25795.650390625,25782.650390625,0,0,Success,-0.05039609315190841,25802.15,25780.77490234375,59.55225249103729,17.386021205357142
2026-02-04 14:55:00+05:30,25795.30078125,25798.69921875,25779.849609375,0,25782.650390625,25775.400390625,1,0,Fail,0.028119684711065317,25798.840234375,25783.1724609375,56.84802995903396,18.010881696428573
2026-02-04 15:00:00+05:30,25784.80078125,25812.400390625,25784.80078125,0,25789.900390625,25784.650390625,0,0,Success,-0.020356806038337588,25794.5203125,25785.1375,51.53829686588644,18.271623883928573
2026-02-04 15:05:00+05:30,25790.05078125,25796.55078125,25780.19921875,0,25784.650390625,25783.099609375,0,0,Success,-0.006014358257747974,25789.58046875,25786.50751953125,54.23537964440839,18.321707589285715
2026-02-04 15:10:00+05:30,25785.44921875,25789.30078125,25780.349609375,0,25783.099609375,25768.94921875,0,0,Success,-0.05488242623805701,25787.190234375,25787.40498046875,58.01723331495089,17.4931640625
2026-02-04 15:15:00+05:30,25783.0,25790.25,25768.94921875,0,25768.94921875,25759.69921875,0,0,Success,-0.035895914581063,25781.85,25787.307421875,51.00606253226095,18.2431640625
2026-02-04 15:20:00+05:30,25770.099609375,25771.44921875,25755.900390625,0,25759.69921875,25737.5,0,0,Success,-0.08617809766133297,25777.259765625,25786.72490234375,35.01379008030567,17.464564732142858
